1 1 -99 0 -99 0 1 -99 -99 -99 0 -99 -99 1 -99 -99 0 -99 -99 -99 1 -99 -99 0 -99 -99 1 -99 -99 -99 1 -99 -99 1 -99 -99 0 -99 -99 -99 1 -99 -99 0 -99 1 1 -99 -99 -99 0 -99 -99 1 -99 0 1 -99 -99 -99 1 -99 -99 0 -99 0 1 -99 -99 -99 0 -99 -99 0 -99 1 0 -99 -99 -99 0 -99 -99 1 -99 1 0 -99 -99 -99 0 -99 -99 0 -99 1 0 -99 -99 -99 1 -99 -99 1 -99 -99 0 -99 -99 -99 0 -99 -99 1 -99 -99 0 -99 -99 -99 1 -99
1 2 -99 -99 0 -99 0 -99 -99 0 0 1 -99 -99 -99 -99 -99 -99 -99 -99 1 -99 -99 -99 -99 -99 -99 -99 -99 -99 1 -99 -99 -99 -99 -99 -99 -99 -99 -99 -99 -99 -99 -99 0 -99 1 -99 -99 1 1 1 -99 -99 0 -99 0 -99 -99 0 1 1 -99 -99 0 -99 0 -99 -99 1 0 1 -99 -99 1 -99 1 -99 -99 1 1 1 -99 -99 0 -99 1 -99 -99 1 0 0 -99 -99 -99 -99 0 -99 -99 -99 1 1 -99 -99 -99 -99 1 -99 -99 -99 1 1 -99 -99 -99 -99 -99 -99 -99 -99 0 -99
1 6 0 0 0 0 0 0 0 -99 0 0 -99 0 0 0 1 -99 0 -99 0 0 -99 0 0 0 0 -99 0 -99 0 0 -99 0 0 0 0 -99 0 -99 0 0 0 0 -99 0 0 0 0 -99 0 0 0 0 0 0 0 0 0 -99 0 0 0 0 0 0 0 0 0 -99 0 0 0 0 0 0 0 0 0 -99 0 0 0 0 0 0 0 1 0 -99 0 0 0 0 0 0 0 0 0 -99 0 0 0 0 0 0 0 0 0 -99 0 0 0 0 0 0 0 -99 0 -99 0 0
1 5 0 -99 -99 -99 0 0 -99 -99 -99 -99 -99 -99 -99 -99 0 -99 -99 -99 -99 -99 -99 -99 -99 -99 1 -99 -99 -99 -99 -99 -99 -99 -99 -99 1 -99 -99 -99 -99 -99 0 -99 -99 -99 1 1 -99 -99 -99 -99 1 -99 -99 -99 1 0 -99 -99 -99 -99 0 -99 -99 -99 1 1 -99 -99 -99 -99 0 -99 -99 -99 1 1 -99 -99 -99 -99 0 -99 -99 -99 0 0 -99 -99 -99 -99 -99 -99 -99 -99 0 0 -99 -99 -99 -99 -99 -99 -99 -99 1 1 -99 -99 -99 -99 -99 -99 -99 -99 0 -99 -99 -99 -99 -99
1 3 -99 1 1 -99 1 -99 -99 -99 1 0 -99 0 -99 -99 0 -99 -99 -99 1 0 -99 1 -99 -99 1 -99 -99 -99 1 1 -99 0 -99 -99 1 -99 -99 -99 0 0 -99 1 1 -99 1 -99 -99 -99 0 0 -99 0 0 -99 1 -99 -99 -99 0 0 -99 0 1 -99 0 -99 -99 -99 0 0 -99 0 0 -99 1 -99 -99 -99 0 0 -99 0 1 -99 1 -99 -99 -99 0 1 -99 1 0 -99 1 -99 -99 -99 0 1 -99 0 -99 -99 0 -99 -99 -99 1 0 -99 0 -99 -99 1 -99 -99 -99 0 1
1 4 -99 -99 1 1 1 1 -99 -99 1 1 -99 -99 -99 1 1 1 -99 -99 1 -99 -99 -99 -99 1 1 1 -99 -99 1 -99 -99 -99 -99 1 1 1 -99 -99 1 -99 -99 -99 1 1 1 1 -99 -99 1 1 -99 -99 1 1 1 1 -99 -99 1 1 -99 -99 0 1 1 1 -99 -99 1 0 -99 -99 1 1 1 1 -99 -99 1 1 -99 -99 0 1 1 1 -99 -99 1 1 -99 -99 1 1 1 0 -99 -99 1 -99 -99 -99 -99 1 1 1 -99 -99 1 -99 -99 -99 -99 1 1 0 -99 -99 1 -99
2 1 -99 1 0 -99 -99 -99 -99 -99 -99 -99 -99 1 0 -99 -99 -99 -99 -99 -99 -99 -99 0 -99 -99 -99 -99 -99 -99 -99 -99 -99 0 -99 -99 -99 -99 -99 -99 -99 -99 -99 0 1 -99 -99 -99 -99 -99 -99 -99 -99 1 1 -99 -99 -99 -99 -99 -99 -99 -99 0 1 -99 -99 -99 -99 -99 -99 -99 -99 0 1 -99 -99 -99 -99 -99 -99 -99 -99 0 1 -99 -99 -99 -99 -99 -99 -99 -99 1 0 -99 -99 -99 -99 -99 -99 -99 -99 0 0 -99 -99 -99 -99 -99 -99 -99 -99 1 1 -99 -99 -99 -99 -99 -99 -99
2 2 -99 1 1 0 1 -99 1 -99 1 1 -99 1 1 1 1 -99 1 -99 1 1 -99 1 1 1 1 -99 1 -99 1 -99 -99 1 1 0 1 -99 1 -99 1 -99 -99 1 1 0 1 -99 1 -99 0 1 -99 1 1 1 1 -99 1 -99 1 1 -99 1 1 1 1 -99 1 -99 1 1 -99 1 1 1 1 -99 1 -99 1 1 -99 1 1 1 1 -99 1 -99 1 1 -99 1 1 1 1 -99 1 -99 1 1 -99 1 1 0 1 -99 1 -99 1 1 -99 1 1 1 1 -99 1 -99 1 1
2 6 -99 0 1 0 0 0 -99 -99 0 0 -99 0 0 1 0 0 -99 -99 0 0 -99 0 0 0 0 0 -99 -99 0 -99 -99 0 0 0 0 0 -99 -99 0 -99 -99 0 1 0 1 0 -99 -99 0 0 -99 0 0 0 0 0 -99 -99 0 0 -99 0 1 0 0 0 -99 -99 0 0 -99 0 1 1 0 0 -99 -99 0 0 -99 0 0 0 0 0 -99 -99 0 0 -99 0 0 1 1 0 -99 -99 0 0 -99 0 0 0 0 0 -99 -99 0 0 -99 0 0 0 0 0 -99 -99 0 0
2 5 -99 1 -99 -99 -99 -99 -99 -99 1 1 -99 0 -99 -99 -99 -99 -99 -99 1 -99 -99 1 -99 -99 -99 -99 -99 -99 0 -99 -99 1 -99 -99 -99 -99 -99 -99 1 -99 -99 0 -99 -99 -99 -99 -99 -99 1 1 -99 1 -99 -99 -99 -99 -99 -99 1 1 -99 1 -99 -99 -99 -99 -99 -99 1 1 -99 1 -99 -99 -99 -99 -99 -99 1 1 -99 0 -99 -99 -99 -99 -99 -99 0 1 -99 0 -99 -99 -99 -99 -99 -99 1 1 -99 1 -99 -99 -99 -99 -99 -99 1 1 -99 0 -99 -99 -99 -99 -99 -99 1 -99
2 3 1 0 -99 1 0 1 0 0 0 0 1 0 -99 1 0 1 1 1 0 0 1 1 -99 1 0 0 0 1 0 1 0 0 -99 0 0 -99 0 0 0 0 0 1 -99 0 0 0 0 1 0 1 0 0 -99 0 0 0 0 0 0 0 1 1 -99 1 1 1 1 1 0 0 1 0 -99 1 0 0 0 0 0 0 0 0 -99 0 0 1 1 1 0 0 1 0 -99 0 0 1 0 0 1 0 1 1 -99 1 0 1 1 1 0 1 0 1 -99 1 0 0 0 1 1 1
2 4 0 1 0 1 1 1 1 -99 1 -99 1 1 1 1 1 1 1 -99 1 -99 1 1 1 1 1 -99 1 -99 1 -99 1 1 1 0 1 -99 1 -99 1 -99 1 1 1 1 0 1 1 -99 1 -99 1 1 1 1 0 1 1 -99 1 -99 1 1 1 0 1 1 1 -99 1 -99 1 1 1 1 1 1 1 -99 1 -99 1 1 1 1 1 1 1 -99 1 -99 1 1 1 1 1 1 1 -99 1 -99 1 1 1 1 1 1 1 -99 1 -99 1 1 1 1 1 1 0 -99 1 -99
3 1 -99 0 0 1 -99 1 1 1 1 -99 -99 -99 -99 -99 -99 1 1 -99 1 -99 -99 -99 -99 -99 -99 1 1 -99 1 -99 -99 -99 -99 -99 -99 0 0 -99 1 -99 -99 1 1 1 -99 0 0 0 0 -99 -99 1 0 1 -99 1 1 1 1 -99 -99 1 1 0 -99 0 0 1 1 -99 -99 1 1 1 -99 0 0 0 1 -99 -99 0 1 1 -99 1 1 1 1 -99 -99 -99 -99 0 -99 0 0 0 1 -99 -99 -99 -99 1 -99 1 1 1 1 -99 -99 -99 -99 0 -99 0 1 -99 1 -99
3 2 0 1 1 -99 -99 0 1 1 1 1 1 1 -99 -99 -99 1 1 1 1 -99 1 1 -99 -99 -99 0 0 1 0 -99 -99 1 -99 -99 -99 1 1 1 1 -99 1 1 1 -99 -99 1 1 1 1 1 1 1 1 -99 -99 1 1 1 1 1 0 0 1 -99 -99 1 1 0 0 1 0 1 1 -99 -99 1 1 1 1 1 1 1 1 -99 -99 0 1 1 1 1 1 1 -99 -99 -99 1 1 1 1 -99 0 1 -99 -99 -99 1 0 1 1 -99 1 1 -99 -99 -99 0 1 1 1 -99
3 6 -99 1 -99 -99 -99 1 2 1 2 -99 -99 1 -99 -99 -99 1 -99 -99 2 -99 -99 1 -99 -99 -99 1 -99 -99 2 -99 -99 2 -99 -99 -99 0 -99 -99 2 -99 -99 0 -99 -99 -99 1 1 2 1 -99 -99 1 -99 -99 -99 2 1 1 1 -99 -99 1 -99 -99 -99 1 1 1 1 -99 -99 1 -99 -99 -99 0 1 1 2 -99 -99 1 -99 -99 -99 1 1 1 2 -99 -99 1 -99 -99 -99 2 1 0 2 -99 -99 2 -99 -99 -99 1 1 1 1 -99 -99 2 -99 -99 -99 1 -99 -99 2 -99
3 5 1 1 1 0 -99 1 1 1 -99 1 -99 -99 0 1 -99 1 1 0 -99 -99 -99 -99 -99 1 -99 0 1 0 -99 -99 -99 -99 -99 0 -99 1 1 0 -99 -99 0 1 1 1 -99 0 1 1 -99 1 1 1 1 1 -99 1 1 1 -99 0 0 0 0 1 -99 1 1 0 -99 1 0 1 1 1 -99 1 1 1 -99 1 1 1 1 0 -99 0 0 0 -99 1 1 1 0 1 -99 0 1 0 -99 1 -99 0 1 1 -99 1 1 0 -99 1 -99 1 0 0 -99 0 0 1 -99 -99
3 3 -99 1 -99 0 -99 1 -99 -99 -99 0 -99 -99 -99 -99 -99 0 -99 -99 -99 -99 -99 -99 -99 -99 -99 1 -99 -99 -99 -99 -99 -99 -99 -99 -99 0 -99 -99 -99 -99 -99 1 -99 1 -99 0 -99 -99 -99 1 -99 1 -99 1 -99 0 -99 -99 -99 0 -99 0 -99 0 -99 1 -99 -99 -99 0 -99 0 -99 1 -99 0 -99 -99 -99 0 -99 0 -99 1 -99 0 -99 -99 -99 0 -99 0 -99 1 -99 1 -99 -99 -99 0 -99 0 -99 0 -99 1 -99 -99 -99 -99 -99 -99 -99 -99 -99 1 -99 -99 -99 -99
3 4 -99 1 -99 -99 -99 1 1 1 0 0 -99 1 -99 -99 -99 1 1 1 1 -99 -99 1 -99 -99 -99 1 0 1 0 -99 -99 1 -99 -99 -99 0 1 1 1 -99 -99 1 -99 -99 -99 0 0 1 0 0 -99 0 -99 -99 -99 1 0 1 1 1 -99 1 -99 -99 -99 0 0 1 1 1 -99 0 -99 -99 -99 1 1 1 0 1 -99 1 -99 -99 -99 1 1 0 0 1 -99 0 -99 -99 -99 1 0 1 1 -99 -99 1 -99 -99 -99 1 1 1 1 -99 -99 1 -99 -99 -99 0 1 1 1 -99
4 1 -99 -99 1 1 1 1 1 1 -99 1 -99 -99 -99 1 1 1 -99 1 -99 1 -99 -99 -99 1 1 0 -99 1 -99 1 -99 -99 -99 0 0 0 -99 1 -99 1 -99 -99 0 0 0 0 1 1 -99 1 -99 -99 0 0 0 1 1 1 -99 1 -99 -99 0 0 0 1 0 0 -99 0 -99 -99 1 0 0 1 1 1 -99 0 -99 -99 0 0 1 1 0 1 -99 1 -99 -99 1 0 0 0 -99 1 -99 1 -99 -99 0 0 1 1 -99 1 -99 1 -99 -99 -99 0 0 0 -99 1 -99 1
4 2 0 0 -99 0 0 0 0 0 -99 0 0 1 -99 0 1 1 0 0 -99 0 1 1 -99 1 0 0 0 1 -99 1 1 1 -99 0 1 1 0 0 -99 0 1 1 -99 0 0 0 1 1 -99 0 1 0 -99 1 1 1 1 1 -99 0 1 1 -99 0 0 1 1 1 -99 1 1 1 -99 1 1 1 1 1 -99 0 0 1 -99 0 0 1 1 0 -99 0 1 0 -99 0 1 0 1 0 -99 1 1 1 -99 0 1 1 1 1 -99 1 1 1 -99 1 0 1 1 1 -99 1
4 6 1 0 0 0 0 0 0 0 -99 0 0 -99 0 0 0 1 -99 0 -99 0 -99 -99 0 0 0 0 -99 0 -99 0 -99 -99 0 0 0 0 -99 0 -99 0 1 0 0 0 0 0 0 0 -99 0 1 0 0 0 0 0 0 0 -99 0 1 0 0 0 1 0 0 1 -99 0 1 0 0 0 0 0 0 0 -99 0 0 0 0 0 0 0 0 0 -99 0 0 0 0 0 0 0 -99 0 -99 0 1 0 0 0 0 0 -99 0 -99 0 1 -99 0 0 0 0 -99 0 -99 0
4 5 0 1 -99 1 1 1 1 1 -99 1 1 -99 -99 1 1 1 -99 -99 -99 1 1 -99 -99 1 1 1 -99 -99 -99 1 0 -99 -99 0 0 0 -99 -99 -99 0 0 0 -99 0 0 0 0 0 -99 0 1 1 -99 1 1 0 1 0 -99 0 1 0 -99 0 0 0 0 0 -99 0 0 1 -99 1 1 0 1 1 -99 0 1 1 -99 1 1 1 1 1 -99 1 1 1 -99 0 0 1 -99 1 -99 1 1 1 -99 0 1 1 -99 -99 -99 0 1 -99 -99 1 1 1 -99 -99 -99 1
4 3 0 0 -99 0 0 1 0 1 -99 0 0 -99 -99 1 0 1 -99 -99 -99 0 1 -99 -99 0 0 0 -99 -99 -99 0 1 -99 -99 0 0 0 -99 -99 -99 0 1 0 -99 0 0 0 0 0 -99 0 1 0 -99 0 0 0 0 0 -99 0 0 0 -99 1 0 1 0 1 -99 0 1 0 -99 1 0 0 0 0 -99 0 1 1 -99 0 0 0 0 1 -99 1 0 1 -99 0 1 0 -99 -99 -99 0 0 0 -99 0 0 0 -99 -99 -99 0 1 -99 -99 0 1 0 -99 -99 -99 1
4 4 0 1 -99 1 1 1 1 0 -99 0 1 1 -99 1 1 1 1 1 -99 1 1 1 -99 1 1 1 1 1 -99 1 1 1 -99 1 1 1 1 1 -99 1 0 1 -99 1 1 1 1 1 -99 1 0 1 -99 1 1 1 1 1 -99 1 0 1 -99 1 1 1 1 1 -99 1 0 1 -99 1 1 1 1 0 -99 1 0 1 -99 1 1 1 1 1 -99 1 1 1 -99 1 1 1 1 1 -99 1 1 1 -99 1 1 1 1 1 -99 1 0 1 -99 1 1 1 1 1 -99 1
5 1 -99 -99 -99 -99 1 -99 -99 -99 -99 -99 -99 -99 -99 -99 0 -99 -99 -99 -99 -99 -99 -99 -99 -99 0 -99 -99 -99 -99 -99 -99 -99 -99 -99 1 -99 -99 -99 -99 -99 -99 -99 -99 -99 1 -99 -99 -99 -99 -99 -99 -99 -99 -99 1 -99 -99 -99 -99 -99 -99 -99 -99 -99 1 -99 -99 -99 -99 -99 -99 -99 -99 -99 1 -99 -99 -99 -99 -99 -99 -99 -99 -99 1 -99 -99 -99 -99 -99 -99 -99 -99 -99 1 -99 -99 -99 -99 -99 -99 -99 -99 -99 0 -99 -99 -99 -99 -99 -99 -99 -99 -99 1 -99 -99 -99 -99 -99
5 2 -99 -99 -99 1 1 -99 -99 -99 -99 -99 -99 -99 -99 1 1 -99 -99 -99 -99 -99 -99 -99 -99 1 1 -99 -99 -99 -99 -99 -99 -99 -99 0 1 -99 -99 -99 -99 -99 -99 -99 -99 1 1 -99 -99 -99 -99 -99 -99 -99 -99 1 1 -99 -99 -99 -99 -99 -99 -99 -99 1 1 -99 -99 -99 -99 -99 -99 -99 -99 1 1 -99 -99 -99 -99 -99 -99 -99 -99 1 0 -99 -99 -99 -99 -99 -99 -99 -99 1 1 -99 -99 -99 -99 -99 -99 -99 -99 1 1 -99 -99 -99 -99 -99 -99 -99 -99 1 1 -99 -99 -99 -99 -99
5 6 -99 -99 -99 -99 1 -99 -99 -99 -99 -99 -99 -99 -99 -99 0 -99 -99 -99 -99 -99 -99 -99 -99 -99 0 -99 -99 -99 -99 -99 -99 -99 -99 -99 0 -99 -99 -99 -99 -99 -99 -99 -99 -99 0 -99 -99 -99 -99 -99 -99 -99 -99 -99 0 -99 -99 -99 -99 -99 -99 -99 -99 -99 0 -99 -99 -99 -99 -99 -99 -99 -99 -99 0 -99 -99 -99 -99 -99 -99 -99 -99 -99 0 -99 -99 -99 -99 -99 -99 -99 -99 -99 0 -99 -99 -99 -99 -99 -99 -99 -99 -99 0 -99 -99 -99 -99 -99 -99 -99 -99 -99 0 -99 -99 -99 -99 -99
5 5 -99 1 -99 0 -99 1 -99 -99 -99 -99 -99 -99 -99 1 -99 1 -99 -99 -99 -99 -99 -99 -99 1 -99 1 -99 -99 -99 -99 -99 -99 -99 0 -99 0 -99 -99 -99 -99 -99 1 -99 0 -99 0 -99 -99 -99 -99 -99 1 -99 1 -99 1 -99 -99 -99 -99 -99 1 -99 1 -99 0 -99 -99 -99 -99 -99 1 -99 1 -99 1 -99 -99 -99 -99 -99 1 -99 1 -99 1 -99 -99 -99 -99 -99 -99 -99 1 -99 0 -99 -99 -99 -99 -99 -99 -99 1 -99 0 -99 -99 -99 -99 -99 -99 -99 1 -99 1 -99 -99 -99 -99
5 3 -99 0 -99 0 -99 -99 -99 -99 -99 -99 -99 -99 -99 0 -99 -99 -99 -99 -99 -99 -99 -99 -99 1 -99 -99 -99 -99 -99 -99 -99 -99 -99 1 -99 -99 -99 -99 -99 -99 -99 0 -99 0 -99 -99 -99 -99 -99 -99 -99 0 -99 0 -99 -99 -99 -99 -99 -99 -99 1 -99 1 -99 -99 -99 -99 -99 -99 -99 0 -99 1 -99 -99 -99 -99 -99 -99 -99 0 -99 1 -99 -99 -99 -99 -99 -99 -99 0 -99 0 -99 -99 -99 -99 -99 -99 -99 0 -99 0 -99 -99 -99 -99 -99 -99 -99 -99 -99 1 -99 -99 -99 -99 -99 -99
5 4 -99 -99 -99 1 -99 -99 -99 -99 -99 -99 -99 -99 -99 0 -99 -99 -99 -99 -99 -99 -99 -99 -99 1 -99 -99 -99 -99 -99 -99 -99 -99 -99 0 -99 -99 -99 -99 -99 -99 -99 -99 -99 1 -99 -99 -99 -99 -99 -99 -99 -99 -99 0 -99 -99 -99 -99 -99 -99 -99 -99 -99 0 -99 -99 -99 -99 -99 -99 -99 -99 -99 0 -99 -99 -99 -99 -99 -99 -99 -99 -99 1 -99 -99 -99 -99 -99 -99 -99 -99 -99 0 -99 -99 -99 -99 -99 -99 -99 -99 -99 0 -99 -99 -99 -99 -99 -99 -99 -99 -99 0 -99 -99 -99 -99 -99 -99
6 1 1 1 1 1 -99 0 1 1 1 1 1 1 1 1 -99 1 1 1 1 1 1 0 1 1 -99 0 1 1 1 1 0 0 0 1 -99 0 1 0 0 1 0 1 0 0 -99 1 0 0 0 0 1 1 1 0 -99 1 1 1 1 1 0 0 0 0 -99 0 1 1 0 0 0 0 1 0 -99 0 0 1 0 0 1 1 1 0 -99 1 1 1 1 0 0 0 0 1 -99 1 0 0 0 0 1 1 1 1 -99 0 1 1 1 1 0 1 0 1 -99 1 0 0 0 1
6 2 0 1 1 1 -99 0 1 1 1 1 0 0 1 1 -99 1 1 1 1 1 0 0 1 1 -99 1 1 1 1 1 1 1 0 1 -99 1 1 1 1 1 0 0 1 0 -99 1 1 0 1 0 1 1 0 0 -99 1 0 1 0 1 1 1 0 1 -99 0 1 1 1 0 0 1 1 1 -99 0 1 1 1 1 1 1 1 0 -99 0 1 1 1 1 0 1 0 0 -99 1 1 1 1 1 0 1 0 1 -99 1 1 1 1 1 0 1 1 1 -99 1 1 1 1 0
6 6 0 -99 1 -99 -99 0 -99 -99 0 1 0 -99 -99 -99 -99 0 -99 -99 0 -99 0 -99 -99 -99 -99 0 -99 -99 1 -99 0 -99 -99 -99 -99 0 -99 -99 0 -99 0 -99 1 -99 -99 0 -99 -99 0 0 0 -99 1 -99 -99 0 -99 -99 0 0 0 -99 1 -99 -99 0 -99 -99 0 0 0 -99 1 -99 -99 0 -99 -99 0 0 0 -99 0 -99 -99 0 -99 -99 0 0 0 -99 1 -99 -99 0 -99 -99 1 0 0 -99 0 -99 -99 0 -99 -99 0 -99 0 -99 0 -99 -99 0 -99 -99 0 -99
6 5 0 1 -99 -99 -99 1 1 1 1 1 1 1 -99 -99 -99 1 1 1 1 0 1 1 -99 -99 -99 1 1 1 1 1 1 1 -99 -99 -99 1 1 1 1 1 1 1 -99 -99 -99 1 1 1 1 1 1 1 -99 -99 -99 1 1 1 1 1 1 1 -99 -99 -99 1 1 1 1 1 1 1 -99 -99 -99 1 1 1 1 1 0 1 -99 -99 -99 1 1 1 1 1 1 1 -99 -99 -99 1 1 1 1 1 1 0 -99 -99 -99 1 1 0 1 1 1 1 -99 -99 -99 1 1 1 1 1
6 3 1 1 1 1 1 1 1 1 1 1 1 1 1 1 1 1 1 1 0 1 1 1 1 1 1 1 1 1 1 1 0 0 0 1 0 0 1 0 1 0 0 0 1 0 0 1 0 0 0 0 0 0 0 0 1 0 0 0 0 0 1 1 1 1 0 1 1 1 0 1 0 1 0 1 0 1 1 1 1 0 0 0 0 0 0 0 1 0 0 0 1 1 1 1 1 1 1 1 0 1 1 1 1 1 0 0 1 1 0 1 0 0 0 0 0 0 1 0 0 0
6 4 1 1 0 1 -99 0 1 0 1 1 0 1 1 1 -99 0 1 1 1 1 1 1 1 1 -99 0 1 1 1 1 0 1 1 1 -99 1 1 1 1 1 0 1 0 0 -99 1 0 0 1 0 1 1 0 0 -99 1 0 1 1 1 1 1 1 0 -99 1 1 1 1 1 1 1 1 0 -99 1 1 1 1 1 0 1 1 1 -99 1 1 1 1 1 1 1 1 1 -99 1 1 1 1 1 1 1 1 1 -99 0 1 1 1 1 0 1 1 1 -99 0 1 1 1 1
7 1 -99 0 1 -99 0 1 -99 -99 0 1 -99 0 1 -99 1 1 -99 -99 1 1 -99 1 1 -99 1 0 -99 -99 1 1 -99 0 0 -99 1 0 -99 -99 1 0 -99 1 1 -99 1 1 -99 -99 1 1 -99 0 1 -99 1 1 -99 -99 1 1 -99 1 0 -99 1 1 -99 -99 1 0 -99 1 1 -99 1 1 -99 -99 0 1 -99 0 1 -99 1 1 -99 -99 1 1 -99 1 1 -99 1 0 -99 -99 0 0 -99 0 1 -99 1 1 -99 -99 1 1 -99 1 1 -99 1 1 -99 -99 1 1
7 2 -99 1 -99 1 1 1 -99 1 1 1 -99 1 -99 1 1 0 -99 0 0 1 -99 1 -99 1 1 0 -99 1 1 1 -99 1 -99 1 1 0 -99 0 0 0 -99 1 -99 1 0 1 -99 1 0 0 -99 1 -99 1 1 1 -99 1 1 0 -99 1 -99 0 1 1 -99 1 0 1 -99 1 -99 0 1 0 -99 0 0 0 -99 1 -99 0 0 0 -99 1 1 1 -99 1 -99 0 0 1 -99 1 1 0 -99 0 -99 0 1 0 -99 1 0 1 -99 1 -99 1 1 0 -99 1 1 1
7 6 -99 2 -99 -99 2 -99 -99 -99 1 1 -99 0 -99 -99 0 -99 -99 -99 0 0 -99 0 -99 -99 0 -99 -99 -99 0 0 -99 0 -99 -99 0 -99 -99 -99 1 0 -99 0 -99 -99 1 -99 -99 -99 0 0 -99 0 -99 -99 1 -99 -99 -99 0 0 -99 0 -99 -99 1 -99 -99 -99 1 0 -99 0 -99 -99 1 -99 -99 -99 0 0 -99 0 -99 -99 1 -99 -99 -99 0 0 -99 0 -99 -99 0 -99 -99 -99 0 0 -99 0 -99 -99 0 -99 -99 -99 0 0 -99 0 -99 -99 0 -99 -99 -99 0 0
7 5 -99 1 1 1 1 0 1 1 -99 1 -99 1 1 1 1 0 1 0 -99 1 -99 1 1 0 1 0 1 1 -99 0 -99 1 0 0 0 1 1 0 -99 1 -99 0 0 1 1 1 1 0 -99 0 -99 1 0 0 1 1 0 1 -99 1 -99 1 0 1 0 0 1 1 -99 1 -99 1 0 0 1 1 1 1 -99 0 -99 1 1 1 1 1 1 1 -99 1 -99 1 1 1 1 1 0 0 -99 1 -99 1 1 0 1 1 0 1 -99 1 -99 1 0 1 1 1 1 1 -99 1
7 3 0 0 0 1 0 0 1 0 -99 0 0 0 0 1 0 0 1 0 -99 0 0 0 1 1 1 0 0 0 -99 0 0 1 0 1 0 0 1 1 -99 1 1 0 1 0 0 0 0 0 -99 1 1 1 1 1 1 1 0 0 -99 1 0 0 0 0 0 0 0 0 -99 0 1 0 1 1 1 0 1 1 -99 1 1 1 1 1 0 1 1 0 -99 1 0 0 0 0 0 0 1 1 -99 0 1 1 0 0 0 0 0 0 -99 0 0 0 1 1 1 1 0 1 -99 1
7 4 -99 1 -99 0 0 1 -99 1 1 1 -99 1 -99 0 1 0 -99 1 1 1 -99 1 -99 1 1 1 -99 1 1 1 -99 1 -99 0 1 1 -99 0 1 1 -99 1 -99 0 0 0 -99 0 1 1 -99 1 -99 1 1 1 -99 1 1 1 -99 1 -99 0 0 0 -99 0 1 1 -99 1 -99 1 1 1 -99 1 1 1 -99 1 -99 0 1 0 -99 0 1 1 -99 1 -99 1 1 1 -99 1 1 1 -99 1 -99 1 1 1 -99 1 1 1 -99 1 -99 0 1 1 -99 1 1 1
8 1 1 -99 -99 1 1 1 1 -99 1 -99 1 -99 -99 0 1 -99 -99 -99 1 -99 0 -99 -99 1 1 -99 -99 -99 0 -99 0 -99 -99 0 0 -99 -99 -99 0 -99 0 -99 -99 0 0 0 0 -99 0 -99 1 -99 -99 1 1 1 0 -99 1 -99 1 -99 -99 0 0 1 0 -99 0 -99 0 -99 -99 1 0 0 0 -99 0 -99 1 -99 -99 1 1 1 1 -99 0 -99 0 -99 -99 0 0 -99 0 -99 0 -99 1 -99 -99 1 1 -99 1 -99 1 -99 0 -99 -99 1 1 -99 -99 -99 0 -99
8 2 -99 0 -99 0 0 0 0 -99 0 -99 -99 -99 -99 -99 1 0 0 -99 0 -99 -99 -99 -99 -99 1 1 1 -99 0 -99 -99 -99 -99 -99 1 -99 0 -99 0 -99 -99 1 -99 0 0 1 0 -99 0 -99 -99 1 -99 1 1 1 0 -99 0 -99 -99 1 -99 0 1 1 1 -99 0 -99 -99 0 -99 1 1 0 0 -99 0 -99 -99 1 -99 0 0 0 0 -99 0 -99 -99 -99 -99 0 0 1 0 -99 1 -99 -99 -99 -99 -99 1 0 0 -99 0 -99 -99 -99 -99 -99 1 1 1 -99 1 -99
8 6 0 -99 -99 0 0 1 0 0 0 -99 0 -99 -99 0 0 0 0 1 0 -99 0 -99 -99 0 1 0 0 0 0 -99 1 -99 -99 0 1 0 1 0 0 -99 0 -99 -99 0 0 0 0 1 0 -99 1 -99 -99 0 0 0 0 1 0 -99 1 -99 -99 0 1 1 0 1 0 -99 0 -99 -99 0 1 0 0 0 0 -99 0 -99 -99 0 0 0 0 0 0 -99 0 -99 -99 0 1 0 0 0 1 -99 0 -99 -99 0 1 0 0 0 1 -99 1 -99 -99 0 1 0 0 0 0 -99
8 5 -99 -99 0 0 1 1 1 0 1 -99 -99 -99 0 0 1 1 0 0 0 -99 -99 -99 0 0 0 1 0 0 0 -99 -99 -99 -99 1 0 0 0 0 1 -99 -99 -99 1 1 0 1 1 1 1 -99 -99 -99 1 1 1 0 1 1 1 -99 -99 -99 1 1 1 1 1 1 1 -99 -99 -99 1 1 1 1 1 1 1 -99 -99 -99 0 0 1 0 0 0 0 -99 -99 -99 0 0 1 1 0 1 0 -99 -99 -99 1 1 1 1 1 1 1 -99 -99 -99 0 0 0 1 0 0 1 -99
8 3 -99 1 -99 1 1 1 1 1 1 -99 -99 -99 -99 1 0 1 1 -99 1 -99 -99 -99 -99 1 0 1 0 -99 1 -99 -99 -99 -99 0 0 0 0 -99 0 -99 -99 0 -99 0 0 0 0 0 0 -99 -99 0 -99 0 0 0 0 0 1 -99 -99 1 -99 1 1 0 0 0 1 -99 -99 0 -99 0 0 1 0 0 0 -99 -99 0 -99 1 0 0 0 1 1 -99 -99 -99 -99 1 0 0 0 -99 1 -99 -99 -99 -99 1 1 0 0 -99 1 -99 -99 -99 -99 0 0 0 0 -99 0 -99
8 4 -99 -99 -99 0 1 -99 1 1 1 -99 -99 -99 -99 1 1 -99 1 1 1 -99 -99 -99 -99 1 1 -99 1 1 1 -99 -99 -99 -99 1 1 -99 1 1 1 -99 -99 -99 -99 1 1 -99 1 1 1 -99 -99 -99 -99 1 1 -99 1 1 1 -99 -99 -99 -99 0 0 -99 1 1 1 -99 -99 -99 -99 1 1 -99 1 1 1 -99 -99 -99 -99 1 1 -99 1 1 1 -99 -99 -99 -99 1 1 -99 1 1 1 -99 -99 -99 -99 1 1 -99 1 1 1 -99 -99 -99 -99 1 1 -99 1 1 1 -99
9 1 1 1 1 1 0 1 -99 1 1 1 1 1 1 1 0 -99 -99 1 1 1 1 1 0 1 0 -99 -99 0 1 1 0 1 0 1 0 -99 -99 1 0 1 0 1 0 1 0 0 -99 0 0 0 1 1 1 1 1 1 -99 1 0 1 0 1 1 1 0 0 -99 1 0 0 0 0 0 0 1 0 -99 1 0 1 1 1 0 0 0 1 -99 1 1 1 0 1 0 1 1 -99 -99 0 0 0 1 1 1 0 0 -99 -99 1 1 0 0 1 0 0 0 -99 -99 0 0 1
9 2 1 0 0 0 1 1 1 1 1 1 0 1 1 0 1 1 1 1 1 1 1 1 0 0 0 1 1 1 1 1 1 1 0 1 1 1 1 1 1 1 1 1 1 1 0 0 1 1 1 1 0 1 0 1 0 0 0 1 0 1 0 1 0 0 0 0 0 0 1 1 0 1 1 1 0 0 1 1 1 1 1 1 0 0 1 0 1 1 1 1 0 1 1 1 1 0 1 0 1 0 0 1 1 1 1 1 0 1 1 1 0 1 0 0 1 1 0 1 1 1
9 6 0 0 0 0 0 0 0 0 0 0 0 0 0 0 0 0 0 0 0 0 0 0 0 0 0 0 0 0 0 0 0 0 0 0 0 0 0 0 0 0 0 0 0 0 0 0 0 0 0 0 0 0 0 0 0 0 0 0 0 0 0 0 0 0 0 0 0 0 0 0 0 0 0 0 0 0 0 0 0 0 0 0 0 0 0 0 0 0 0 0 0 0 0 0 0 0 0 0 0 0 0 0 0 0 0 0 0 0 0 0 0 0 0 0 0 0 0 0 0 0
9 5 0 1 0 1 1 0 1 1 0 1 0 1 1 1 1 1 1 -99 1 1 0 1 1 1 1 1 1 -99 1 1 1 1 1 1 1 1 1 -99 1 1 1 1 1 1 1 1 1 1 1 1 1 1 1 1 1 1 1 1 1 1 0 1 0 1 1 1 1 1 1 1 1 1 1 1 1 0 1 1 1 1 0 1 1 1 1 1 1 1 1 1 0 1 0 1 1 1 1 -99 1 0 1 1 1 0 1 0 1 -99 1 1 0 1 1 1 1 1 1 -99 1 1
9 3 1 1 0 1 1 1 1 0 0 1 0 1 0 0 0 1 0 -99 1 0 0 0 0 0 0 1 0 -99 1 1 0 0 1 0 1 1 0 -99 0 0 1 0 0 1 1 0 0 0 0 0 0 1 1 1 0 1 0 0 1 0 0 1 0 1 1 1 0 1 1 0 0 1 1 0 0 0 0 1 0 0 0 0 0 1 0 0 0 0 0 0 0 1 0 0 1 1 0 -99 1 0 0 1 0 0 1 1 0 -99 1 1 0 1 0 1 1 1 0 -99 1 0
9 4 1 1 1 1 1 1 1 1 1 1 1 1 1 1 1 1 1 1 1 1 1 1 1 1 1 1 1 1 1 1 1 1 1 1 1 1 1 1 1 1 1 1 1 1 1 1 1 1 1 1 0 1 1 1 1 1 1 1 1 1 1 1 1 1 1 1 1 1 1 1 0 1 1 1 1 1 1 1 1 1 1 1 1 1 1 1 1 1 1 1 1 1 1 1 1 1 1 1 1 1 1 1 1 1 1 1 1 1 1 1 1 1 1 1 1 1 1 1 1 1
10 1 0 1 1 0 -99 1 1 1 1 1 1 1 0 1 -99 1 1 1 0 1 1 1 1 1 -99 0 1 0 0 0 0 0 0 0 -99 0 0 0 1 0 0 1 1 0 -99 0 0 1 1 0 1 1 1 1 -99 0 1 1 1 0 1 0 0 0 -99 0 0 0 1 0 0 1 1 1 -99 1 1 0 1 0 1 1 1 1 -99 1 0 1 1 1 1 0 0 1 -99 1 0 1 0 1 0 1 0 1 -99 1 1 1 1 1 1 0 0 0 -99 0 0 0 1 1
10 2 0 1 1 1 -99 1 0 1 1 1 1 1 1 1 -99 1 0 1 1 1 1 1 1 0 -99 1 1 1 1 1 1 0 1 1 -99 1 1 1 1 1 1 0 1 1 -99 0 0 0 1 0 1 1 1 1 -99 0 1 1 1 1 1 0 1 1 -99 1 1 0 1 1 0 1 1 0 -99 1 1 1 1 1 1 1 1 0 -99 1 1 1 1 1 1 1 1 1 -99 1 1 1 1 1 1 1 1 0 -99 1 0 1 1 0 1 1 0 1 -99 1 1 1 1 1
10 6 0 0 0 0 -99 0 0 1 0 0 0 0 1 0 -99 0 0 1 0 0 0 0 0 0 -99 0 0 1 0 0 0 0 0 0 -99 0 0 1 0 0 1 0 0 0 -99 0 0 0 0 0 0 0 0 0 -99 0 0 0 0 0 0 0 0 0 -99 0 0 0 0 0 0 0 0 1 -99 0 0 0 0 0 0 0 0 0 -99 0 0 0 0 0 0 0 0 0 -99 0 0 0 0 0 0 0 0 0 -99 0 0 0 0 0 0 0 0 0 -99 0 0 0 0 0
10 5 1 1 1 1 1 1 1 1 1 1 1 1 1 1 1 1 1 1 1 1 1 1 1 1 1 1 1 1 1 1 1 1 1 1 1 1 1 1 1 1 1 1 0 1 1 1 1 1 1 1 1 1 1 1 1 0 1 1 1 0 1 1 1 1 1 1 1 1 0 1 1 1 1 1 0 1 1 1 1 1 1 1 1 1 1 1 1 1 1 1 1 1 1 1 1 1 1 1 1 1 1 1 1 1 1 1 1 1 1 1 1 1 1 1 1 1 1 1 1 1
10 3 0 0 1 0 1 1 1 0 1 1 1 1 0 1 1 1 0 0 0 0 1 1 1 1 1 0 1 0 0 0 1 0 0 1 0 1 1 0 1 0 1 0 0 1 0 1 1 0 1 0 1 0 1 0 0 0 1 0 1 0 0 1 1 1 0 0 0 1 1 0 0 1 0 1 1 1 0 1 0 0 0 0 0 1 0 0 1 1 1 1 1 0 1 1 1 1 0 0 0 1 0 0 1 1 0 0 0 0 0 0 0 1 0 0 1 0 1 0 1 1
10 4 1 0 0 0 -99 0 1 0 1 0 0 0 0 1 -99 1 1 1 1 1 1 1 1 1 -99 1 1 1 1 1 0 1 0 1 -99 1 1 1 1 1 0 1 1 1 -99 1 1 1 1 1 1 0 1 0 -99 1 1 1 1 1 0 1 1 1 -99 1 1 1 1 1 1 1 1 1 -99 1 1 1 1 1 0 1 1 1 -99 1 1 1 1 1 1 1 1 0 -99 1 1 1 1 1 1 1 1 1 -99 1 1 1 1 1 0 1 1 1 -99 1 1 1 1 1
11 6 -99 1 -99 -99 -99 -99 -99 -99 -99 -99 -99 -99 -99 -99 -99 -99 -99 -99 -99 -99 -99 -99 -99 -99 -99 -99 -99 -99 -99 -99 -99 -99 -99 -99 -99 -99 -99 -99 -99 -99 -99 1 -99 -99 -99 -99 -99 -99 -99 -99 -99 2 -99 -99 -99 -99 -99 -99 -99 -99 -99 1 -99 -99 -99 -99 -99 -99 -99 -99 -99 0 -99 -99 -99 -99 -99 -99 -99 -99 -99 1 -99 -99 -99 -99 -99 -99 -99 -99 -99 -99 -99 -99 -99 -99 -99 -99 -99 -99 -99 -99 -99 -99 -99 -99 -99 -99 -99 -99 -99 -99 -99 -99 -99 -99 -99 -99 -99 -99
12 1 1 0 0 0 1 1 1 1 0 1 1 1 1 1 0 1 1 1 1 1 1 1 0 1 1 1 1 1 1 1 0 1 0 1 0 1 0 0 1 0 1 0 0 0 0 1 0 0 1 0 1 1 0 0 0 1 1 0 0 1 1 0 0 0 1 1 0 0 0 0 1 1 1 0 0 1 0 0 0 1 1 1 1 1 1 1 1 1 0 1 0 0 0 0 0 1 1 1 1 0 1 1 1 0 0 1 1 1 1 1 1 0 1 0 0 1 1 0 1 0
12 2 0 1 1 1 1 1 1 1 1 1 1 1 1 1 1 1 1 0 1 1 1 0 0 1 1 1 1 1 1 1 1 1 0 1 1 1 1 1 1 1 0 1 0 1 1 1 1 1 1 1 1 1 0 0 1 1 1 1 1 1 1 0 1 1 1 1 0 1 1 1 1 1 0 1 1 1 1 1 1 1 1 1 1 1 1 1 1 1 1 1 1 1 1 1 1 1 0 1 1 1 1 1 1 1 1 1 1 1 1 1 1 1 1 1 1 1 1 1 1 1
12 6 1 0 0 0 0 0 0 0 0 0 0 0 0 0 0 0 0 0 0 0 0 0 0 0 0 0 0 0 0 0 1 0 0 0 0 0 0 0 0 0 1 0 0 0 0 0 0 0 0 0 1 0 0 0 0 0 0 0 0 0 0 0 1 0 0 0 0 0 0 0 0 0 1 0 0 0 0 0 0 0 0 0 0 1 0 0 0 0 0 0 0 0 0 0 0 0 0 0 0 0 0 0 0 0 0 0 0 0 0 0 0 0 0 0 0 0 0 0 0 0
12 5 0 1 1 1 1 1 1 1 1 1 1 -99 1 1 1 1 1 1 1 1 1 -99 1 1 1 1 1 1 1 1 1 -99 1 1 1 1 0 0 1 1 0 1 1 1 1 1 1 0 1 1 1 1 1 1 1 1 1 1 0 1 1 1 1 1 1 1 1 0 0 1 1 1 1 1 1 1 1 1 1 1 1 1 1 1 1 1 1 1 1 1 1 1 1 1 1 1 1 1 1 1 1 1 1 1 1 1 1 1 1 1 1 -99 1 1 1 1 1 1 1 0
12 3 0 1 0 0 0 0 0 0 0 0 0 -99 0 0 0 0 1 0 1 0 1 -99 0 1 0 0 0 1 0 0 1 -99 0 1 0 0 0 1 1 0 1 1 0 1 1 1 1 1 1 0 0 1 1 1 1 1 1 1 0 1 0 1 0 0 1 1 0 1 1 1 0 0 0 1 1 1 0 1 0 1 0 1 1 1 0 0 1 0 1 0 1 0 1 0 0 0 0 0 0 1 1 0 0 0 1 1 0 1 1 1 1 -99 0 0 1 0 1 1 1 1
12 4 -99 1 0 0 0 0 0 0 1 1 -99 1 0 0 1 1 1 1 1 1 -99 1 0 0 1 1 1 1 0 1 -99 1 0 0 1 1 1 1 1 1 -99 1 0 1 1 0 1 1 1 1 -99 1 0 0 1 1 1 1 1 1 -99 0 0 0 1 1 1 1 1 1 -99 0 0 1 1 1 1 1 1 1 -99 1 1 1 1 1 1 1 1 1 -99 1 0 1 1 1 1 1 1 1 -99 1 1 1 1 1 0 1 1 1 -99 1 1 0 1 1 1 1 0 1
13 1 1 -99 -99 -99 1 0 0 -99 0 -99 1 -99 -99 -99 1 1 0 -99 1 -99 0 -99 -99 -99 1 0 0 -99 0 -99 0 -99 -99 -99 0 1 0 -99 0 -99 1 -99 -99 -99 1 1 1 -99 1 -99 0 -99 -99 -99 1 1 0 -99 1 -99 1 -99 -99 -99 1 0 1 -99 0 -99 1 -99 -99 -99 1 1 1 -99 1 -99 0 -99 -99 -99 0 1 1 -99 1 -99 0 -99 -99 -99 1 1 1 -99 1 -99 0 -99 -99 -99 1 0 0 -99 0 -99 0 -99 -99 -99 0 1 0 -99 0 -99
13 2 1 -99 1 -99 1 1 1 1 1 -99 -99 -99 1 -99 1 0 1 -99 1 -99 -99 -99 1 -99 1 1 1 -99 1 -99 -99 -99 1 -99 1 1 1 -99 1 -99 1 -99 1 -99 1 1 1 0 0 -99 0 -99 1 -99 1 1 1 1 1 -99 0 -99 1 -99 1 1 1 1 1 -99 1 -99 1 -99 1 1 1 1 1 -99 1 -99 1 -99 1 1 1 1 1 -99 -99 -99 1 -99 1 1 1 1 1 -99 -99 -99 1 -99 1 1 1 1 1 -99 -99 -99 1 -99 1 1 1 -99 1 -99
13 6 0 0 1 -99 1 0 0 0 0 -99 0 0 -99 -99 -99 0 0 0 0 -99 0 0 -99 -99 -99 0 0 0 0 -99 0 0 -99 -99 -99 0 0 0 0 -99 0 0 0 -99 0 0 0 0 0 -99 0 0 0 -99 0 0 0 0 0 -99 0 0 0 -99 0 0 0 0 0 -99 0 0 0 -99 0 0 0 0 0 -99 0 0 0 -99 0 0 0 0 0 -99 0 0 -99 -99 0 0 0 0 0 -99 0 1 -99 -99 0 0 0 0 0 -99 0 0 -99 -99 -99 0 0 0 0 -99
13 5 1 1 1 0 1 1 1 1 1 0 1 1 1 1 1 1 -99 -99 1 1 1 1 1 1 1 1 -99 -99 1 1 0 1 0 0 1 0 -99 -99 1 0 0 0 0 0 1 0 0 1 0 1 1 0 1 1 1 1 1 1 1 1 0 1 0 0 1 0 1 1 0 1 1 1 1 1 1 1 1 1 1 1 0 1 1 1 1 1 1 1 1 1 0 1 1 0 1 0 -99 -99 0 1 1 1 1 1 1 1 -99 -99 1 1 1 1 1 1 1 1 -99 -99 1 1
13 3 0 1 0 1 1 1 1 1 1 1 1 0 1 1 1 0 -99 1 1 0 0 1 1 1 1 1 -99 1 1 1 0 1 1 0 0 1 -99 0 0 0 0 0 0 0 0 0 0 0 0 0 1 0 1 1 0 1 0 1 1 1 0 1 1 1 1 1 1 1 0 1 1 0 0 0 0 1 1 0 1 0 0 0 0 0 0 1 1 1 0 0 0 1 1 0 1 1 -99 0 0 0 0 1 1 0 1 1 -99 1 0 1 0 0 0 0 1 0 -99 1 0 0
13 4 1 -99 1 -99 1 1 1 1 1 -99 1 -99 1 -99 1 1 1 -99 1 -99 1 -99 1 -99 1 1 1 -99 1 -99 1 -99 1 -99 1 1 1 -99 1 -99 1 -99 1 -99 1 1 0 1 1 -99 1 -99 1 -99 1 1 1 1 1 -99 1 -99 1 -99 1 1 1 1 1 -99 1 -99 1 -99 1 1 1 1 1 -99 1 -99 0 -99 1 1 1 1 1 -99 1 -99 1 -99 1 1 1 -99 1 -99 1 -99 1 -99 1 1 1 -99 1 -99 1 -99 1 -99 1 1 1 -99 1 -99
14 1 1 1 1 1 -99 1 1 1 0 1 1 1 0 1 -99 1 1 0 0 0 1 1 1 0 -99 1 1 1 0 1 1 0 0 1 -99 1 0 1 1 1 0 1 1 0 -99 1 1 0 1 1 1 0 0 1 -99 1 1 0 1 1 1 1 0 0 -99 1 1 0 1 0 0 0 0 0 -99 1 0 0 1 1 0 1 1 1 -99 1 1 1 0 0 1 0 0 1 -99 0 1 1 0 1 1 1 1 0 -99 0 0 1 1 1 0 1 0 1 -99 0 0 1 1 1
14 2 1 1 1 1 1 1 1 1 1 1 1 1 1 1 1 1 1 1 1 1 1 1 1 1 1 1 1 1 1 1 1 1 1 1 1 1 1 1 1 1 0 1 0 0 1 1 0 0 0 1 1 1 1 1 1 1 1 1 1 1 1 1 1 1 1 1 1 1 1 1 1 1 1 1 1 1 1 1 1 1 1 1 1 1 1 1 1 1 1 1 1 1 1 1 1 1 0 1 1 1 1 1 1 1 1 1 1 1 1 1 1 1 1 1 1 1 1 1 1 1
14 6 0 0 0 0 0 0 0 0 0 0 0 0 0 0 0 1 0 0 0 0 0 0 0 0 0 0 0 0 0 0 0 0 0 0 0 0 1 0 0 1 0 0 0 0 0 0 0 0 0 0 0 0 0 0 0 0 0 0 0 0 0 0 0 0 0 0 0 0 0 0 0 0 0 1 0 0 0 0 0 0 0 0 0 0 0 0 0 0 0 0 1 0 0 0 0 0 0 0 0 0 0 0 0 0 0 0 0 0 0 0 1 0 0 0 0 0 0 0 0 0
14 5 1 1 1 1 1 1 0 1 1 1 1 1 1 1 1 0 1 1 1 1 1 1 1 1 1 1 1 1 1 1 1 1 1 1 1 1 1 1 1 0 1 1 1 1 1 1 1 1 1 1 1 1 1 1 1 1 0 1 0 1 1 0 1 1 1 0 1 1 0 1 1 1 1 1 1 1 0 1 1 1 1 1 1 1 1 1 0 1 1 1 1 1 1 1 1 1 1 1 0 1 1 1 1 1 1 1 1 1 1 1 1 1 1 1 1 1 1 1 1 1
14 3 0 0 1 0 0 1 0 0 0 0 1 0 0 1 1 1 0 1 1 1 1 1 1 0 0 1 1 0 1 1 1 0 1 0 1 1 0 1 1 1 1 1 0 1 1 1 1 1 0 1 1 0 1 0 0 0 0 1 0 0 0 0 1 1 1 0 1 1 1 0 0 1 1 1 0 1 1 1 1 1 0 0 0 0 0 0 1 0 1 1 0 0 0 1 0 0 0 0 1 1 1 1 1 1 1 1 0 0 1 1 1 1 0 1 1 1 0 1 1 1
14 4 1 1 1 1 1 1 1 1 1 1 1 1 1 1 1 1 1 1 1 1 0 1 1 1 1 1 1 1 1 1 0 0 1 1 1 1 1 1 1 1 1 1 1 1 1 1 1 1 1 1 1 0 1 1 1 1 1 1 1 1 0 1 1 1 1 1 1 1 1 1 1 1 1 1 1 1 1 1 1 1 1 1 1 1 1 1 1 1 1 1 0 0 1 1 1 1 1 1 1 1 0 0 1 1 1 1 1 1 1 1 0 0 1 1 1 1 1 1 1 1
15 1 0 1 1 1 1 1 1 0 1 1 1 1 1 0 1 1 1 1 1 1 1 0 0 1 1 1 1 1 1 1 0 0 0 0 0 0 0 0 0 0 0 0 0 0 0 0 0 1 1 0 1 1 0 1 1 1 1 0 1 1 0 0 0 1 0 0 0 0 1 0 0 0 0 1 0 0 0 1 1 0 0 1 1 1 1 1 1 1 0 1 1 1 1 1 0 0 0 0 0 0 1 1 1 0 1 1 1 1 1 1 0 0 0 1 0 0 0 0 0 1
15 2 1 1 1 1 1 1 1 1 1 0 1 1 1 0 1 1 1 1 1 1 1 1 1 1 1 1 1 1 1 1 0 1 1 0 1 1 1 1 1 1 1 1 1 1 1 1 1 1 1 1 1 1 1 1 1 1 1 1 1 1 1 1 1 1 1 1 1 1 1 1 1 1 1 0 1 0 1 1 1 1 0 1 0 1 1 1 1 0 1 1 1 1 0 1 1 1 1 1 0 1 0 0 1 1 1 1 1 1 1 1 1 1 1 1 1 1 1 1 1 1
15 6 1 0 0 0 0 0 0 0 0 0 0 0 0 0 0 0 0 0 0 0 1 0 0 0 0 0 0 0 0 0 0 0 0 0 0 0 0 0 0 0 0 0 0 0 0 0 0 0 0 0 1 0 0 0 0 0 0 0 0 0 0 0 0 0 0 0 0 0 0 0 0 0 0 0 0 0 0 0 0 0 0 0 0 0 0 0 0 0 0 0 0 0 0 0 0 0 0 0 0 0 0 0 0 0 0 0 0 0 0 0 0 0 0 0 0 0 0 0 0 0
15 5 1 1 1 1 1 1 1 1 1 1 1 1 1 1 1 1 1 1 1 1 1 1 1 1 1 1 1 1 1 1 1 1 1 1 1 1 1 1 1 1 0 0 1 0 1 1 1 1 1 0 1 1 1 1 1 1 1 1 1 1 1 1 1 1 1 1 1 1 0 1 1 1 1 1 1 1 1 1 1 1 1 1 1 1 1 1 1 1 1 1 1 1 1 1 1 1 1 1 1 1 1 1 1 1 1 1 1 1 1 1 1 1 1 1 1 1 1 1 1 1
15 3 1 1 1 1 1 0 1 0 0 0 0 0 1 1 0 0 0 0 0 0 1 1 1 1 0 0 0 1 0 1 0 0 0 0 0 1 1 0 1 0 0 0 0 0 1 0 1 0 1 0 0 1 0 0 0 1 0 0 0 0 1 0 1 1 0 0 0 1 1 0 0 1 0 0 0 1 0 1 1 0 0 1 0 0 0 1 0 0 1 0 1 0 1 0 0 0 1 0 0 0 1 1 1 1 0 0 1 0 0 0 1 1 1 0 0 1 0 1 1 0
15 4 1 0 1 0 1 1 0 0 1 1 1 1 1 0 1 1 1 1 1 1 1 1 1 1 1 1 0 0 1 1 1 1 1 1 1 1 1 1 1 1 0 1 0 1 1 1 0 0 1 1 1 1 1 1 1 1 1 1 1 0 1 1 1 1 0 1 0 0 1 1 1 1 1 1 1 1 1 1 1 1 1 1 0 1 0 1 0 0 1 1 1 1 1 0 0 0 0 1 1 0 1 1 1 0 1 1 1 1 1 1 0 1 1 1 1 1 1 1 1 1
16 1 1 -99 0 0 -99 -99 -99 1 1 -99 0 -99 0 0 -99 -99 -99 1 1 -99 0 -99 0 0 -99 -99 -99 1 1 -99 0 -99 1 0 -99 -99 -99 0 0 -99 0 -99 0 1 -99 -99 -99 0 0 -99 0 -99 0 1 -99 -99 -99 0 1 -99 0 -99 0 0 -99 -99 -99 0 0 -99 0 -99 0 0 -99 -99 -99 0 0 -99 0 -99 0 1 -99 -99 -99 1 1 -99 1 -99 0 0 -99 -99 -99 0 0 -99 1 -99 0 0 -99 -99 -99 1 1 -99 0 -99 1 1 -99 -99 -99 0 0 -99
16 2 0 -99 1 1 -99 -99 0 1 1 1 1 -99 1 1 -99 -99 1 1 1 1 1 -99 1 1 -99 -99 1 1 1 1 1 -99 1 1 -99 -99 1 1 1 1 0 -99 0 1 -99 -99 0 1 1 0 1 -99 1 1 -99 -99 1 1 1 1 1 -99 1 1 -99 -99 0 1 1 1 1 -99 1 1 -99 -99 1 1 1 1 0 -99 0 1 -99 -99 1 0 1 1 1 -99 0 0 -99 -99 1 1 1 1 1 -99 1 0 -99 -99 1 1 1 1 1 -99 1 1 -99 -99 0 1 1 1
16 6 0 -99 0 1 -99 -99 -99 1 0 0 0 -99 1 0 -99 -99 -99 0 0 0 0 -99 0 0 -99 -99 -99 0 0 0 1 -99 0 0 -99 -99 -99 0 0 0 1 -99 0 2 -99 -99 -99 0 0 1 1 -99 0 1 -99 -99 -99 0 0 0 0 -99 0 0 -99 -99 -99 0 0 0 0 -99 0 0 -99 -99 -99 0 0 0 0 -99 0 0 -99 -99 -99 0 0 0 0 -99 0 1 -99 -99 -99 0 0 0 0 -99 0 0 -99 -99 -99 0 0 0 0 -99 0 0 -99 -99 -99 0 0 0
16 5 1 -99 0 0 -99 -99 1 1 1 0 0 -99 0 0 -99 -99 0 0 0 0 1 -99 1 1 -99 -99 1 1 0 1 0 -99 0 1 -99 -99 0 0 1 1 1 -99 0 1 -99 -99 1 0 0 0 1 -99 1 1 -99 -99 1 0 1 1 1 -99 0 1 -99 -99 0 0 0 0 1 -99 0 1 -99 -99 1 1 1 1 1 -99 1 1 -99 -99 0 1 1 1 0 -99 1 0 -99 -99 1 0 0 0 1 -99 1 1 -99 -99 0 1 1 1 1 -99 1 1 -99 -99 1 1 1 1
16 3 0 -99 0 0 -99 -99 1 -99 1 1 0 -99 1 1 -99 -99 1 -99 0 1 0 -99 1 0 -99 -99 1 -99 1 1 1 -99 0 0 -99 -99 0 -99 0 0 0 -99 0 0 -99 -99 0 -99 0 0 0 -99 0 0 -99 -99 0 -99 0 0 0 -99 1 0 -99 -99 1 -99 1 1 1 -99 0 0 -99 -99 0 -99 0 0 0 -99 0 0 -99 -99 0 -99 0 0 0 -99 1 1 -99 -99 1 -99 0 1 0 -99 1 1 -99 -99 1 -99 1 1 0 -99 0 0 -99 -99 0 -99 0 0
16 4 1 -99 1 1 -99 -99 1 1 1 1 0 -99 1 1 -99 -99 1 1 1 1 1 -99 1 1 -99 -99 1 1 1 1 0 -99 1 1 -99 -99 1 1 1 1 0 -99 1 1 -99 -99 1 1 1 1 1 -99 1 1 -99 -99 1 1 1 1 0 -99 1 1 -99 -99 1 1 1 1 1 -99 1 1 -99 -99 1 1 1 1 0 -99 1 1 -99 -99 1 1 1 1 0 -99 1 1 -99 -99 1 1 1 1 1 -99 1 1 -99 -99 1 1 1 1 0 -99 1 1 -99 -99 1 1 1 1
17 1 -99 -99 -99 -99 1 0 1 -99 1 -99 -99 -99 -99 -99 1 -99 1 -99 1 -99 -99 -99 -99 -99 1 -99 1 -99 1 -99 -99 -99 -99 -99 0 -99 0 -99 0 -99 -99 -99 -99 -99 0 0 0 -99 0 -99 -99 -99 -99 -99 1 1 1 -99 1 -99 -99 -99 -99 -99 0 0 0 -99 0 -99 -99 -99 -99 -99 1 0 1 -99 0 -99 -99 -99 -99 -99 1 1 1 -99 1 -99 -99 -99 -99 -99 1 0 0 -99 0 -99 -99 -99 -99 -99 1 1 1 -99 1 -99 -99 -99 -99 -99 0 -99 0 -99 0 -99
17 2 -99 1 -99 -99 0 0 -99 1 1 -99 -99 1 -99 -99 1 -99 -99 1 1 -99 -99 1 -99 -99 1 -99 -99 1 1 -99 -99 1 -99 -99 1 -99 -99 1 1 -99 -99 1 -99 -99 0 0 -99 1 0 -99 -99 1 -99 -99 1 1 -99 1 1 -99 -99 1 -99 -99 1 1 -99 1 1 -99 -99 1 -99 -99 1 1 -99 1 1 -99 -99 0 -99 -99 0 0 -99 1 0 -99 -99 1 -99 -99 0 1 -99 1 1 -99 -99 1 -99 -99 1 1 -99 1 1 -99 -99 1 -99 -99 1 -99 -99 1 0 -99
17 6 -99 0 -99 -99 1 1 -99 -99 0 -99 -99 1 -99 -99 -99 -99 -99 -99 0 -99 -99 0 -99 -99 -99 -99 -99 -99 0 -99 -99 0 -99 -99 -99 -99 -99 -99 0 -99 -99 0 -99 -99 0 1 -99 -99 0 -99 -99 1 -99 -99 0 1 -99 -99 0 -99 -99 0 -99 -99 1 0 -99 -99 1 -99 -99 0 -99 -99 0 0 -99 -99 1 -99 -99 0 -99 -99 0 0 -99 -99 0 -99 -99 1 -99 -99 1 -99 -99 -99 0 -99 -99 0 -99 -99 0 -99 -99 -99 0 -99 -99 1 -99 -99 -99 -99 -99 -99 0 -99
17 5 -99 -99 0 -99 1 -99 -99 1 1 1 -99 -99 0 -99 1 -99 -99 -99 1 1 -99 -99 0 -99 0 -99 -99 -99 0 1 -99 -99 1 -99 1 -99 -99 -99 1 1 -99 -99 1 -99 1 -99 -99 1 1 1 -99 -99 1 -99 1 -99 -99 1 1 1 -99 -99 0 -99 1 -99 -99 1 1 1 -99 -99 1 -99 1 -99 -99 1 1 1 -99 -99 0 -99 0 -99 -99 0 0 0 -99 -99 0 -99 0 -99 -99 0 0 1 -99 -99 1 -99 1 -99 -99 1 1 1 -99 -99 1 -99 0 -99 -99 -99 0 0
17 3 -99 -99 1 -99 1 1 1 1 1 1 -99 -99 -99 -99 1 0 1 -99 1 1 -99 -99 -99 -99 1 0 1 -99 1 1 -99 -99 -99 -99 0 0 0 -99 0 0 -99 -99 0 -99 0 0 0 0 0 0 -99 -99 0 -99 0 0 0 0 0 0 -99 -99 1 -99 0 1 1 1 1 1 -99 -99 0 -99 0 0 0 0 0 0 -99 -99 0 -99 0 0 0 0 0 0 -99 -99 1 -99 1 1 1 1 1 1 -99 -99 -99 -99 1 1 1 -99 1 1 -99 -99 -99 -99 0 0 0 -99 0 0
17 4 -99 1 -99 -99 1 -99 -99 1 0 -99 -99 0 -99 -99 0 -99 -99 1 1 -99 -99 1 -99 -99 1 -99 -99 1 1 -99 -99 1 -99 -99 1 -99 -99 1 1 -99 -99 0 -99 -99 0 -99 -99 0 0 -99 -99 1 -99 -99 1 -99 -99 1 1 -99 -99 1 -99 -99 1 -99 -99 1 1 -99 -99 1 -99 -99 1 -99 -99 1 1 -99 -99 1 -99 -99 0 -99 -99 1 1 -99 -99 1 -99 -99 1 -99 -99 1 1 -99 -99 1 -99 -99 1 -99 -99 1 1 -99 -99 0 -99 -99 0 -99 -99 1 1 -99
18 2 -99 -99 -99 1 -99 -99 -99 -99 -99 1 -99 -99 -99 1 -99 -99 -99 -99 -99 -99 -99 -99 -99 1 -99 -99 -99 -99 -99 -99 -99 -99 -99 1 -99 -99 -99 -99 -99 -99 -99 -99 -99 0 -99 -99 -99 -99 -99 0 -99 -99 -99 1 -99 -99 -99 -99 -99 1 -99 -99 -99 0 -99 -99 -99 -99 -99 1 -99 -99 -99 1 -99 -99 -99 -99 -99 1 -99 -99 -99 1 -99 -99 -99 -99 -99 1 -99 -99 -99 1 -99 -99 -99 -99 -99 -99 -99 -99 -99 1 -99 -99 -99 -99 -99 -99 -99 -99 -99 1 -99 -99 -99 -99 -99 -99
18 6 -99 -99 -99 -99 -99 -99 -99 -99 1 1 -99 -99 -99 -99 -99 -99 -99 -99 -99 -99 -99 -99 -99 -99 -99 -99 -99 -99 -99 -99 -99 -99 -99 -99 -99 -99 -99 -99 -99 -99 -99 -99 -99 -99 -99 -99 -99 -99 0 1 -99 -99 -99 -99 -99 -99 -99 -99 1 1 -99 -99 -99 -99 -99 -99 -99 -99 0 0 -99 -99 -99 -99 -99 -99 -99 -99 1 1 -99 -99 -99 -99 -99 -99 -99 -99 0 1 -99 -99 -99 -99 -99 -99 -99 -99 -99 1 -99 -99 -99 -99 -99 -99 -99 -99 -99 -99 -99 -99 -99 -99 -99 -99 -99 -99 -99 -99
18 5 -99 -99 -99 0 -99 -99 -99 1 0 0 -99 -99 -99 -99 -99 -99 -99 -99 -99 -99 -99 -99 -99 -99 -99 -99 -99 -99 -99 -99 -99 -99 -99 -99 -99 -99 -99 -99 -99 -99 -99 -99 -99 0 -99 -99 -99 0 0 1 -99 -99 -99 1 -99 -99 -99 1 1 1 -99 -99 -99 0 -99 -99 -99 0 0 1 -99 -99 -99 1 -99 -99 -99 0 1 1 -99 -99 -99 1 -99 -99 -99 1 1 1 -99 -99 -99 -99 -99 -99 -99 -99 -99 -99 -99 -99 -99 -99 -99 -99 -99 -99 -99 -99 -99 -99 -99 -99 -99 -99 -99 -99 -99 -99
18 3 1 -99 0 0 -99 -99 -99 -99 1 1 1 -99 0 1 -99 -99 -99 -99 1 1 1 -99 1 1 -99 -99 -99 -99 1 0 0 -99 0 0 -99 -99 -99 -99 0 0 0 -99 0 0 -99 -99 -99 -99 1 0 0 -99 0 1 -99 -99 -99 -99 0 0 1 -99 0 1 -99 -99 -99 -99 1 1 0 -99 1 1 -99 -99 -99 -99 1 1 1 -99 1 0 -99 -99 -99 -99 0 0 1 -99 1 1 -99 -99 -99 -99 1 0 0 -99 0 1 -99 -99 -99 -99 1 0 0 -99 0 1 -99 -99 -99 -99 0 0
18 4 -99 -99 1 0 -99 -99 -99 -99 1 1 -99 -99 -99 0 -99 -99 -99 -99 1 1 -99 -99 -99 1 -99 -99 -99 -99 1 1 -99 -99 -99 0 -99 -99 -99 -99 1 1 -99 -99 0 0 -99 -99 -99 -99 0 0 -99 -99 0 0 -99 -99 -99 -99 1 1 -99 -99 0 0 -99 -99 -99 -99 1 1 -99 -99 0 0 -99 -99 -99 -99 1 1 -99 -99 0 0 -99 -99 -99 -99 1 1 -99 -99 1 0 -99 -99 -99 -99 0 1 -99 -99 1 1 -99 -99 -99 -99 1 1 -99 -99 -99 1 -99 -99 -99 -99 1 1
19 1 1 1 1 1 -99 0 -99 0 1 1 -99 1 1 0 -99 1 -99 0 1 1 -99 0 1 0 -99 1 -99 1 1 1 -99 1 1 1 -99 1 -99 1 1 1 1 1 0 1 -99 0 -99 1 0 1 1 0 0 0 -99 1 -99 1 1 1 1 1 0 1 -99 0 -99 1 1 1 1 1 1 1 -99 1 -99 1 1 1 1 1 1 1 -99 1 -99 1 1 1 -99 1 1 1 -99 0 -99 1 1 1 -99 1 0 0 -99 1 -99 1 1 1 -99 1 1 1 -99 1 -99 0 1 1
19 2 1 1 1 0 -99 1 1 1 1 0 1 1 1 1 -99 1 1 1 1 1 1 -99 1 0 -99 1 1 1 1 1 0 -99 1 1 -99 1 1 1 1 1 1 1 1 0 -99 0 0 1 0 0 1 1 1 1 -99 0 1 0 1 1 1 1 1 1 -99 0 1 1 1 1 0 1 1 1 -99 1 1 1 1 1 1 0 0 1 -99 0 1 1 0 1 0 0 0 1 -99 1 1 1 0 1 0 1 0 0 -99 1 1 1 1 1 1 0 1 0 -99 1 1 0 1 1
19 6 0 0 0 0 -99 0 -99 0 0 0 0 0 0 0 -99 0 -99 0 0 0 0 0 0 0 -99 0 -99 0 0 0 0 0 1 0 -99 0 -99 0 0 0 1 0 0 0 -99 0 -99 0 0 0 1 0 0 0 -99 0 -99 0 0 0 1 0 0 0 -99 0 -99 0 0 0 1 0 0 0 -99 0 -99 0 0 1 0 0 0 0 -99 0 -99 0 0 0 0 0 0 0 -99 0 -99 0 0 0 0 0 0 1 -99 0 -99 0 0 0 0 0 0 0 -99 0 -99 0 0 0
19 5 0 -99 1 1 -99 1 1 1 -99 1 1 -99 1 1 -99 1 1 0 -99 1 0 -99 1 1 -99 1 1 1 -99 1 1 -99 0 1 -99 1 1 1 -99 1 1 -99 1 1 -99 0 0 1 -99 0 1 -99 1 1 -99 1 1 1 -99 0 1 -99 0 1 -99 1 0 1 -99 0 1 -99 1 0 -99 0 0 0 -99 1 0 -99 0 1 -99 1 1 1 -99 1 1 -99 1 1 -99 1 1 1 -99 1 1 -99 1 0 -99 1 0 1 -99 0 1 -99 1 1 -99 1 0 1 -99 1
19 3 0 1 1 0 -99 0 1 -99 -99 1 0 0 0 0 -99 0 0 -99 -99 0 1 1 0 1 -99 1 0 -99 -99 1 0 0 0 0 -99 0 0 -99 -99 0 0 0 1 0 -99 0 0 -99 -99 1 0 0 0 0 -99 0 0 -99 -99 0 0 1 0 1 -99 0 1 -99 -99 1 0 0 1 0 -99 0 0 -99 -99 0 0 0 0 0 -99 0 0 -99 -99 0 0 1 1 0 -99 1 0 -99 -99 0 0 1 0 0 -99 1 1 -99 -99 1 0 0 0 0 -99 0 0 -99 -99 0
19 4 0 -99 0 0 -99 1 1 1 1 1 1 -99 1 1 -99 1 1 1 1 1 1 -99 1 1 -99 1 1 1 1 1 1 -99 1 1 -99 1 1 1 1 1 0 -99 1 1 -99 1 1 1 1 1 0 -99 1 1 -99 1 1 1 1 1 0 -99 1 1 -99 1 1 1 1 1 0 -99 1 1 -99 1 1 1 1 1 0 -99 1 1 -99 1 1 1 1 1 1 -99 1 1 -99 1 1 1 1 1 1 -99 1 1 -99 1 1 1 1 1 1 -99 1 1 -99 1 1 1 1 1
20 1 1 1 1 1 0 1 1 1 1 1 0 1 0 0 0 1 0 1 1 1 1 1 0 1 0 0 1 1 1 1 0 0 1 0 0 0 0 0 0 1 1 0 1 0 0 1 1 0 0 0 1 1 0 0 1 0 1 1 1 1 1 1 0 1 0 0 0 0 0 0 1 1 1 0 0 1 1 0 1 0 1 1 1 0 0 0 0 1 1 1 0 0 1 1 1 0 0 0 0 0 1 1 0 0 0 1 0 1 1 1 0 1 1 1 0 0 0 0 0 0
20 2 1 1 1 1 1 1 1 1 1 1 0 1 1 0 0 0 1 1 1 1 1 0 1 0 1 0 1 1 1 1 0 1 1 0 0 1 0 1 0 1 1 0 1 1 1 1 1 0 1 0 1 0 0 1 1 0 1 0 1 1 0 1 0 1 1 1 0 1 0 1 0 0 1 0 0 0 1 1 1 1 1 0 1 1 1 1 0 0 1 0 1 0 1 1 1 1 1 0 1 1 0 1 1 0 1 0 1 1 1 1 0 0 0 0 1 0 1 1 1 1
20 6 1 0 1 1 0 0 0 0 0 1 1 0 1 1 0 1 0 0 0 0 0 0 1 1 0 0 0 0 0 1 1 0 1 1 0 0 0 0 0 1 2 0 1 1 0 0 0 0 0 0 1 0 1 1 0 0 0 0 0 0 1 0 1 1 0 0 0 0 0 1 1 0 1 1 0 0 1 0 0 0 1 0 1 1 1 0 0 0 0 0 1 0 1 0 0 0 0 0 0 0 1 0 1 1 0 0 0 0 0 0 1 0 1 1 0 0 0 0 0 0
20 5 0 1 0 0 0 1 1 0 0 0 1 0 1 0 0 0 0 0 0 0 0 1 1 0 0 0 0 0 0 0 1 1 0 1 1 1 1 1 1 1 0 1 1 0 1 0 0 1 1 1 1 1 1 1 1 1 1 1 1 1 1 1 1 0 0 1 1 1 1 1 1 1 1 1 1 1 1 1 1 1 0 0 1 1 0 0 0 1 0 0 0 0 0 1 0 0 0 0 0 0 1 1 1 1 1 1 1 1 1 1 0 0 1 0 0 0 0 0 0 0
20 3 0 1 0 0 1 1 0 0 0 1 0 0 0 0 0 0 1 1 1 0 0 1 0 1 0 1 1 1 0 1 1 0 1 1 1 0 1 1 1 0 1 1 1 0 0 0 1 0 1 0 0 0 1 1 1 0 0 0 1 0 1 1 0 1 0 0 0 1 1 0 1 0 1 1 1 0 0 0 1 0 1 0 1 1 0 1 0 0 0 0 1 0 0 0 1 0 1 0 0 1 0 1 0 0 0 1 0 1 1 1 1 0 0 1 0 0 0 0 0 0
20 4 1 1 1 1 1 1 1 0 1 1 1 1 1 1 1 1 1 1 1 1 0 1 0 1 1 1 1 1 1 1 1 1 1 0 1 1 1 1 1 1 0 1 1 0 1 1 1 1 1 1 1 1 0 0 1 1 1 1 1 1 0 1 1 0 1 1 1 1 1 1 1 1 0 1 1 1 1 1 1 0 0 1 0 1 1 1 1 1 1 1 0 1 0 0 1 1 1 1 1 1 0 1 1 1 1 1 1 1 1 1 1 1 1 1 1 1 1 1 1 1
21 1 1 1 0 1 1 1 1 1 0 1 1 1 1 1 1 0 1 1 1 1 1 1 1 1 0 1 1 0 1 1 1 0 0 1 1 1 0 1 1 1 0 0 0 1 1 1 1 1 0 0 0 1 1 1 1 1 0 1 1 1 1 0 0 1 1 1 1 1 1 0 1 0 0 0 1 1 1 1 1 1 0 1 0 1 1 1 0 1 1 1 1 1 0 1 1 1 1 1 0 0 1 1 1 0 1 0 1 1 1 1 1 0 0 1 1 1 0 0 1 0
21 2 0 0 0 0 0 0 0 0 1 0 0 1 0 1 0 0 0 1 1 0 0 0 0 0 0 0 0 0 0 0 1 1 1 0 0 1 0 0 1 1 0 0 0 0 0 0 0 0 0 0 0 0 0 0 0 0 0 0 0 0 0 0 0 0 0 0 0 0 0 0 1 1 1 1 1 0 1 1 1 1 1 1 1 1 1 0 1 1 1 1 0 0 0 0 0 0 0 0 0 0 1 1 1 1 1 1 1 0 0 1 1 0 0 0 0 0 0 0 0 0
21 6 0 0 0 0 0 0 0 0 0 0 0 0 0 0 0 0 0 0 0 0 0 0 0 0 0 0 0 0 0 0 0 0 0 0 0 0 0 0 0 0 0 0 0 0 0 0 0 0 0 0 0 0 0 0 0 0 0 0 0 0 0 0 0 0 0 0 0 0 0 0 0 1 0 0 0 0 0 0 0 0 0 0 0 0 0 0 0 0 0 0 0 0 0 0 0 0 0 0 0 0 0 0 0 0 0 0 0 0 0 0 0 0 0 0 0 0 0 0 0 0
21 5 1 1 1 1 1 1 1 1 1 1 1 0 1 1 1 1 1 1 1 1 1 1 1 1 1 1 1 1 1 1 1 1 1 1 1 1 1 1 1 1 1 1 1 1 1 1 1 1 1 1 1 1 1 1 1 1 1 1 1 1 1 1 1 1 1 1 1 1 1 1 1 1 1 1 1 1 1 1 1 1 1 1 1 1 1 1 1 1 1 1 1 1 1 1 1 1 1 1 1 1 1 1 1 1 1 1 1 1 1 1 1 1 1 1 1 1 1 1 1 1
21 3 0 1 0 1 1 0 1 1 0 1 0 0 1 0 0 0 1 1 1 0 0 1 1 1 1 1 0 0 0 0 0 1 0 1 0 1 0 0 0 0 0 0 0 1 0 0 1 1 0 0 0 1 1 1 1 1 0 0 0 0 1 0 0 1 0 1 0 1 1 0 0 0 1 0 1 0 0 0 1 0 1 0 1 0 0 1 0 0 0 0 0 1 1 1 1 0 0 0 0 0 1 1 1 0 0 0 0 1 1 1 1 0 1 0 0 0 0 1 0 1
21 4 1 1 1 1 1 1 1 1 0 1 1 0 1 1 1 1 1 1 1 1 1 1 1 1 1 1 1 1 1 1 1 1 1 1 1 1 1 1 1 1 0 1 0 1 1 1 1 1 1 1 0 1 1 1 1 1 1 1 1 1 0 1 1 1 1 1 1 1 1 1 0 1 1 1 1 1 1 1 1 1 0 1 1 1 1 1 1 1 1 1 1 1 1 1 1 1 1 1 1 1 1 1 1 1 1 1 1 1 1 1 1 1 1 1 1 1 1 1 1 1
22 1 0 1 1 0 0 1 0 0 1 1 1 1 0 0 0 0 1 1 1 1 1 1 1 1 0 0 0 1 1 1 0 1 1 1 1 1 0 1 1 1 0 1 0 1 1 1 1 1 1 1 1 1 1 0 1 1 1 1 1 1 0 1 0 1 1 1 0 1 1 1 0 1 1 1 1 1 1 1 1 1 0 1 1 0 1 1 1 1 1 1 0 1 1 1 1 1 1 0 0 1 1 1 1 1 0 0 1 1 1 1 0 1 0 1 1 1 1 1 1 1
22 2 0 1 1 1 1 1 1 1 1 1 1 1 1 0 0 1 -99 1 1 1 0 1 0 0 1 1 1 1 1 1 1 1 1 1 1 1 1 1 1 0 0 1 1 0 1 0 1 1 1 1 0 1 0 0 0 0 1 1 1 1 1 0 0 0 0 1 1 1 1 1 0 1 1 1 1 1 1 1 1 1 0 1 0 0 1 1 1 1 1 1 1 1 1 0 1 1 1 1 1 1 1 1 1 0 0 0 1 1 1 1 1 1 0 0 1 1 1 1 1 1
22 6 0 0 0 0 0 0 0 0 0 0 1 0 0 0 0 0 0 0 0 0 0 0 0 0 0 0 0 0 0 0 1 0 0 0 0 0 0 0 0 0 0 0 0 0 0 0 0 0 0 0 0 0 0 0 0 0 0 0 0 0 1 0 0 0 0 0 0 0 0 0 1 0 0 0 0 0 0 0 0 0 1 0 0 0 0 0 0 0 0 0 0 0 0 0 0 0 0 0 0 0 1 0 0 0 0 1 0 0 0 0 0 0 1 0 0 0 0 0 0 0
22 5 1 0 0 1 1 0 1 0 0 0 0 0 -99 1 1 0 0 1 0 0 0 1 -99 1 1 0 1 0 1 0 1 0 -99 0 1 0 1 0 0 0 1 0 1 0 0 1 0 0 1 0 1 0 1 0 1 1 1 1 0 1 1 0 1 0 0 0 0 1 1 0 1 0 1 1 1 1 1 1 1 0 0 0 0 1 0 1 0 1 1 0 0 0 -99 0 1 0 0 0 1 0 1 0 -99 1 1 1 0 1 0 0 0 0 -99 1 1 0 0 1 0 0
22 3 1 1 1 0 0 1 0 -99 0 0 0 0 0 1 1 1 0 -99 0 0 1 0 1 0 0 1 0 -99 0 0 0 0 1 0 0 0 0 -99 1 0 0 0 0 0 0 0 0 -99 0 0 0 0 0 1 1 0 0 -99 1 1 1 0 0 0 0 0 0 -99 0 1 0 1 1 0 0 0 1 -99 0 0 0 1 1 0 1 0 0 -99 0 0 1 0 1 1 1 1 0 -99 0 0 1 1 0 0 1 0 0 -99 0 1 0 0 1 0 0 0 0 -99 0 0
22 4 0 1 1 0 1 1 1 1 1 1 1 1 1 1 1 1 1 1 1 1 1 1 1 1 1 1 1 1 1 1 0 1 0 1 1 1 1 1 1 1 1 1 1 1 1 1 1 1 1 1 1 1 1 0 0 1 1 1 1 1 0 1 1 1 1 1 1 1 1 1 1 1 1 1 1 1 1 1 1 1 1 1 1 1 1 1 1 1 1 1 1 1 1 1 1 1 1 1 1 1 1 1 0 1 1 1 1 1 1 1 0 1 1 1 1 1 1 1 1 1
23 1 -99 1 0 0 1 0 -99 -99 1 1 -99 1 0 0 1 1 -99 -99 -99 1 -99 0 0 0 1 1 -99 -99 -99 0 -99 0 1 1 0 1 -99 -99 -99 0 -99 0 1 0 0 1 -99 -99 1 1 -99 1 1 1 1 1 -99 -99 1 1 -99 0 1 0 0 1 -99 -99 0 1 -99 1 1 1 0 0 -99 -99 0 1 -99 1 1 0 1 0 -99 -99 0 1 -99 1 1 0 0 1 -99 -99 -99 1 -99 1 1 0 1 0 -99 -99 -99 0 -99 1 1 1 0 1 -99 -99 -99 1
23 2 0 1 1 1 -99 -99 -99 -99 1 0 -99 0 0 0 -99 -99 -99 -99 -99 1 -99 -99 -99 0 -99 -99 -99 -99 -99 1 -99 -99 -99 0 -99 -99 -99 -99 -99 0 1 0 1 1 -99 -99 -99 -99 1 0 1 1 0 0 -99 -99 -99 -99 0 0 0 0 0 1 -99 -99 -99 -99 0 0 0 0 0 0 -99 -99 -99 -99 0 0 0 0 1 1 -99 -99 -99 -99 0 0 -99 0 1 1 -99 -99 -99 -99 0 1 -99 0 0 0 -99 -99 -99 -99 -99 0 -99 0 1 0 -99 -99 -99 -99 -99 0
23 6 -99 0 1 1 1 1 1 1 0 1 -99 0 0 1 1 1 -99 0 -99 -99 -99 0 -99 0 0 0 -99 1 -99 -99 -99 0 -99 0 0 0 -99 -99 -99 -99 -99 0 1 0 1 0 0 1 1 0 -99 1 1 1 1 0 0 0 0 0 -99 0 1 1 0 1 1 1 1 1 -99 0 1 1 0 0 1 0 1 0 -99 0 0 1 1 0 1 0 0 0 -99 0 0 0 1 0 -99 0 -99 -99 -99 0 0 1 0 1 -99 1 -99 -99 -99 0 0 0 1 0 -99 0 -99 -99
23 5 1 1 1 0 1 1 0 1 1 0 -99 1 1 1 0 1 -99 -99 0 1 -99 1 1 1 1 1 -99 -99 0 1 -99 0 0 1 0 0 -99 -99 0 0 0 0 0 0 1 0 1 1 0 0 0 0 0 1 0 1 1 1 1 1 0 0 0 0 1 0 1 0 0 0 0 0 0 1 0 1 1 1 1 0 1 1 1 1 1 1 1 0 0 1 -99 1 1 0 0 0 -99 0 0 1 -99 0 0 1 0 1 -99 1 1 1 -99 1 1 1 0 1 -99 -99 1 0
23 3 0 0 0 1 1 0 0 1 0 0 0 0 0 0 0 0 -99 -99 -99 1 0 0 0 1 0 0 -99 -99 -99 0 1 0 1 1 1 1 -99 -99 -99 1 1 1 0 0 0 0 1 0 0 1 1 1 1 0 1 0 1 0 0 1 0 0 0 0 0 1 0 1 0 0 1 1 1 0 1 1 0 0 0 1 1 1 1 0 1 1 0 0 0 1 0 0 0 0 0 0 -99 -99 -99 0 0 0 0 1 0 0 -99 -99 -99 0 1 1 1 0 1 1 -99 -99 -99 1
23 4 -99 0 0 0 -99 -99 -99 0 1 1 -99 1 1 1 -99 -99 -99 1 1 1 -99 1 0 0 -99 -99 -99 0 1 1 -99 1 1 1 -99 -99 -99 1 1 1 -99 1 1 1 -99 -99 -99 1 1 1 -99 1 0 0 -99 -99 -99 1 0 1 -99 1 1 1 -99 -99 -99 1 1 1 -99 1 0 0 -99 -99 -99 1 1 1 -99 1 1 1 -99 -99 -99 1 1 1 -99 0 0 0 -99 -99 -99 1 1 1 -99 1 0 0 -99 -99 -99 1 1 1 -99 1 0 1 -99 -99 -99 1 1 0
24 1 1 1 1 1 1 1 0 1 1 1 0 1 1 1 1 1 1 1 1 1 1 1 1 1 1 1 1 1 1 1 1 1 0 0 0 1 0 1 1 1 0 1 0 0 0 1 1 1 1 1 1 1 1 1 1 1 1 1 1 1 1 0 0 0 1 0 1 0 1 0 1 0 0 1 1 0 1 0 1 1 0 1 0 1 0 1 1 1 1 1 1 1 1 0 1 1 1 1 1 1 1 1 1 1 1 0 1 1 1 1 1 1 1 1 0 1 1 1 1 1
24 2 0 1 1 1 0 1 1 0 1 1 1 1 0 1 1 1 1 1 1 1 0 1 1 1 1 1 1 0 1 1 1 1 1 1 1 1 1 1 1 1 1 1 1 1 0 1 1 0 1 1 0 1 0 0 1 1 0 0 1 1 0 1 0 0 1 1 0 1 1 1 0 1 1 1 1 1 1 1 1 1 1 1 1 1 1 1 1 1 1 1 1 1 0 1 1 1 1 1 1 1 1 1 1 1 1 1 1 1 1 1 1 1 1 1 1 1 1 1 1 1
24 6 0 0 0 0 0 0 0 0 0 0 0 0 0 0 0 0 0 0 0 0 0 0 0 0 0 0 0 0 0 0 0 0 0 0 0 0 0 0 0 0 0 0 0 0 0 0 0 0 0 0 1 0 0 0 0 0 0 0 0 0 0 0 0 0 0 0 0 0 0 0 0 0 0 0 0 0 0 0 0 0 0 0 0 0 0 0 0 0 0 0 0 0 0 0 0 0 0 0 0 0 0 0 0 0 0 0 0 0 0 0 0 0 0 0 0 0 0 0 0 0
24 5 0 1 0 1 0 1 1 1 1 1 0 1 1 0 0 1 1 -99 1 0 0 0 1 0 1 0 0 -99 0 0 1 0 0 1 1 1 0 -99 1 1 1 1 1 1 1 1 0 1 1 1 1 0 1 1 1 0 1 1 1 0 1 1 1 0 0 0 1 1 1 1 1 1 1 0 1 1 1 0 1 0 0 0 0 0 1 0 1 0 1 0 0 0 0 1 1 1 1 -99 1 1 0 1 0 1 1 0 1 -99 1 1 0 0 0 0 0 0 1 -99 0 0
24 3 1 0 0 0 1 0 1 0 1 1 0 1 0 1 1 0 1 1 0 1 0 1 1 1 0 0 1 1 0 1 0 0 1 1 1 0 0 0 0 0 0 0 1 1 1 0 1 0 1 0 0 1 0 1 1 0 1 0 1 0 0 1 1 1 1 0 1 1 1 1 0 0 0 0 1 0 1 0 1 1 1 1 1 0 1 0 0 0 1 0 0 1 1 0 0 0 1 0 1 0 0 1 0 1 1 0 0 1 1 1 0 0 1 0 0 0 0 0 0 0
24 4 1 1 1 1 1 1 1 1 1 1 0 1 1 1 1 1 1 1 1 1 1 1 1 1 1 1 1 1 1 1 1 1 1 1 1 1 1 1 1 1 1 1 1 1 1 1 1 1 1 1 1 1 1 1 1 1 1 1 1 1 1 1 1 1 1 1 1 1 1 1 1 1 1 1 1 1 1 1 1 1 1 1 1 0 1 1 1 1 1 1 1 1 1 1 1 1 1 1 1 1 1 1 1 1 1 1 1 1 1 1 1 1 1 1 1 1 1 1 1 1
25 1 1 1 0 -99 -99 1 -99 1 1 1 1 1 0 -99 -99 1 -99 -99 1 1 1 0 1 -99 -99 1 -99 -99 1 1 0 1 0 -99 -99 0 -99 -99 1 1 1 1 0 -99 -99 1 -99 1 1 1 0 1 1 -99 -99 1 -99 1 1 1 0 1 1 -99 -99 1 -99 1 1 1 0 1 1 -99 -99 0 -99 1 1 1 0 1 0 -99 -99 1 -99 0 1 1 0 1 1 -99 -99 0 -99 1 1 1 1 1 0 -99 -99 1 -99 1 1 1 1 1 1 -99 -99 0 -99 -99 1 1
25 2 0 1 0 -99 -99 0 1 1 1 1 1 1 0 -99 -99 1 1 1 1 1 1 1 1 -99 -99 1 1 1 1 1 1 1 1 -99 -99 1 1 1 1 1 0 1 1 -99 -99 1 0 0 0 1 0 1 1 -99 -99 0 1 1 0 1 1 1 0 -99 -99 1 0 0 1 0 0 1 0 -99 -99 1 1 1 0 1 1 1 0 -99 -99 1 1 1 1 1 0 1 1 -99 -99 0 0 0 0 1 1 1 1 -99 -99 1 1 1 1 1 0 1 1 -99 -99 1 1 1 1 1
25 6 0 0 0 -99 -99 0 -99 0 0 0 0 0 1 -99 -99 0 -99 -99 0 0 0 0 0 -99 -99 1 -99 -99 0 0 0 0 0 -99 -99 0 -99 -99 0 0 0 0 0 -99 -99 0 -99 0 0 0 0 0 0 -99 -99 0 -99 0 0 0 0 0 0 -99 -99 0 -99 0 0 0 0 0 0 -99 -99 0 -99 0 0 0 0 0 0 -99 -99 0 -99 0 0 0 0 0 0 -99 -99 0 -99 0 0 0 0 0 1 -99 -99 0 -99 1 0 0 0 0 0 -99 -99 0 -99 1 0 0
25 5 1 -99 1 0 -99 1 1 0 1 1 0 -99 1 1 -99 1 1 1 1 1 1 -99 1 1 -99 1 0 1 1 1 1 -99 1 1 -99 0 0 1 1 0 0 -99 1 1 -99 1 0 0 1 1 1 -99 1 1 -99 1 1 1 1 1 0 -99 0 1 -99 1 0 0 1 1 1 -99 1 1 -99 1 1 1 1 1 1 -99 1 1 -99 1 1 1 1 1 0 -99 1 1 -99 1 1 1 1 1 1 -99 1 1 -99 1 1 1 1 1 1 -99 1 1 -99 1 1 1 1 1
25 3 1 -99 1 1 -99 0 1 -99 1 1 1 -99 0 1 -99 -99 0 -99 0 1 0 -99 1 0 -99 -99 1 -99 0 0 1 -99 0 0 -99 -99 1 -99 1 0 0 -99 1 1 -99 1 1 -99 1 0 1 -99 1 0 -99 1 0 -99 0 1 1 -99 1 0 -99 0 1 -99 0 1 1 -99 1 1 -99 0 1 -99 1 0 1 -99 1 0 -99 1 1 -99 1 0 1 -99 1 0 -99 1 0 -99 1 1 1 -99 1 1 -99 0 1 -99 0 0 1 -99 1 1 -99 -99 0 -99 1 0
25 4 1 1 1 -99 -99 1 1 1 0 1 1 1 1 -99 -99 1 1 1 1 1 1 1 1 -99 -99 1 1 1 1 1 1 1 1 -99 -99 1 1 1 1 1 0 1 0 -99 -99 1 1 1 0 1 1 1 1 -99 -99 1 1 1 1 1 1 1 1 -99 -99 1 1 1 1 1 1 1 1 -99 -99 1 1 1 1 1 1 1 1 -99 -99 1 1 1 1 1 1 1 1 -99 -99 1 1 1 1 1 1 1 1 -99 -99 1 1 1 1 1 1 1 1 -99 -99 0 1 1 1 1
26 1 0 1 1 0 -99 -99 1 0 1 -99 1 1 0 0 -99 -99 0 1 1 -99 0 0 1 1 -99 -99 0 0 0 -99 0 1 1 0 -99 -99 1 1 1 -99 1 0 1 1 -99 -99 0 1 1 -99 1 0 0 1 -99 -99 1 1 0 -99 0 1 1 1 -99 -99 0 1 0 -99 1 1 1 0 -99 -99 1 1 1 -99 1 0 1 0 -99 -99 1 1 1 -99 1 1 1 1 -99 -99 1 1 1 -99 1 0 1 1 -99 -99 1 1 0 -99 0 1 1 1 -99 -99 0 0 1 -99
26 2 0 1 -99 1 -99 1 1 1 1 1 1 1 -99 -99 -99 -99 1 1 -99 1 1 1 -99 -99 -99 -99 1 1 -99 1 1 1 -99 -99 -99 -99 1 1 -99 1 0 1 -99 0 -99 0 0 1 1 1 1 1 -99 1 -99 1 1 1 1 0 1 1 -99 0 -99 1 0 1 1 1 1 1 -99 1 -99 1 1 1 1 1 0 1 -99 0 -99 1 1 1 1 1 1 1 -99 -99 -99 -99 0 1 -99 1 1 1 -99 -99 -99 -99 1 1 -99 1 0 0 -99 -99 -99 -99 1 1 -99 1
26 6 1 1 0 0 -99 -99 0 0 -99 -99 0 -99 0 -99 -99 -99 0 0 -99 -99 0 -99 1 -99 -99 -99 0 0 -99 -99 0 -99 0 -99 -99 -99 0 0 -99 -99 1 1 1 1 -99 -99 1 0 -99 -99 1 2 1 0 -99 -99 0 0 -99 -99 0 2 0 0 -99 -99 0 0 -99 -99 1 1 0 1 -99 -99 1 0 -99 -99 0 2 1 0 -99 -99 0 0 -99 -99 0 -99 0 0 -99 -99 0 0 -99 -99 0 -99 1 0 -99 -99 0 0 -99 -99 0 -99 1 1 -99 -99 0 0 -99 -99
26 5 1 1 1 1 -99 1 1 1 -99 1 1 1 1 1 -99 1 1 1 -99 1 1 1 1 0 -99 1 1 1 -99 1 0 1 1 1 -99 0 0 0 -99 0 0 1 1 1 -99 0 0 1 -99 0 1 1 1 0 -99 1 1 1 -99 1 0 0 0 1 -99 1 0 0 -99 1 1 1 1 1 -99 1 1 1 -99 1 0 1 0 1 -99 1 1 1 -99 1 1 1 1 1 -99 1 1 1 -99 1 1 1 1 1 -99 1 1 1 -99 1 1 1 1 1 -99 1 1 1 -99 1
26 3 1 0 -99 1 -99 0 -99 -99 -99 1 0 1 -99 -99 -99 -99 -99 -99 -99 1 1 0 -99 -99 -99 -99 -99 -99 -99 1 0 0 -99 -99 -99 -99 -99 -99 -99 0 1 0 -99 0 -99 0 -99 -99 -99 1 0 0 -99 1 -99 0 -99 -99 -99 0 0 1 -99 1 -99 1 -99 -99 -99 0 0 0 -99 0 -99 0 -99 -99 -99 0 0 1 -99 0 -99 0 -99 -99 -99 1 1 1 -99 -99 -99 -99 -99 -99 -99 0 1 1 -99 -99 -99 -99 -99 -99 -99 1 0 0 -99 -99 -99 -99 -99 -99 -99 0
26 4 0 1 1 0 -99 1 1 1 -99 1 0 1 0 1 -99 1 1 1 -99 1 0 1 1 1 -99 1 1 1 -99 1 0 1 0 0 -99 1 1 1 -99 1 0 1 0 0 -99 1 1 1 -99 1 0 1 0 1 -99 1 0 1 -99 1 0 1 0 1 -99 1 1 1 -99 1 0 1 1 1 -99 1 1 1 -99 1 0 1 0 1 -99 1 1 1 -99 1 0 1 0 1 -99 1 1 1 -99 1 0 1 0 1 -99 1 1 1 -99 1 0 1 1 1 -99 1 1 1 -99 1
27 1 1 1 1 1 -99 1 1 1 -99 1 1 1 0 1 -99 0 1 0 -99 1 1 1 0 0 -99 0 0 1 -99 1 0 1 1 1 -99 1 0 1 -99 1 1 1 1 1 -99 1 1 0 -99 1 1 1 1 1 -99 1 1 0 -99 1 0 1 1 1 -99 1 1 0 -99 1 0 1 1 0 -99 1 0 1 -99 1 1 0 1 1 -99 0 0 1 -99 1 1 1 0 0 -99 1 1 1 -99 1 0 1 0 0 -99 0 1 1 -99 0 1 1 1 1 -99 1 1 1 -99 1
27 2 0 -99 1 1 -99 1 1 1 -99 1 1 -99 1 0 -99 1 1 1 -99 1 1 -99 0 1 -99 1 1 1 -99 1 0 -99 1 1 -99 1 1 1 -99 1 0 -99 1 1 -99 1 1 1 -99 1 1 -99 1 1 -99 1 1 1 -99 1 0 -99 1 1 -99 1 1 1 -99 1 1 -99 1 1 -99 1 1 1 -99 1 1 -99 1 1 -99 1 1 1 -99 1 1 -99 0 1 -99 1 1 1 -99 1 1 -99 1 1 -99 1 1 0 -99 1 1 -99 1 1 -99 1 1 1 -99 1
27 6 0 0 -99 0 -99 0 0 0 -99 0 0 0 -99 0 -99 0 0 0 -99 0 0 0 -99 0 -99 0 0 0 -99 0 0 0 -99 0 -99 0 0 0 -99 0 0 0 -99 1 -99 0 0 0 -99 0 0 0 -99 1 -99 0 0 0 -99 0 0 0 -99 1 -99 0 0 1 -99 0 0 0 -99 0 -99 0 0 0 -99 0 0 0 -99 0 -99 0 0 0 -99 0 0 0 -99 1 -99 0 0 0 -99 0 0 0 -99 0 -99 0 0 0 -99 0 0 0 -99 0 -99 0 0 0 -99 0
27 5 1 -99 1 1 -99 1 1 1 1 1 1 -99 1 1 -99 1 1 1 1 1 1 -99 1 1 -99 1 1 1 1 1 0 -99 0 1 -99 1 1 1 1 1 1 -99 1 1 -99 1 0 1 1 1 1 -99 1 1 -99 1 1 1 1 1 0 -99 0 1 -99 1 1 1 1 1 1 -99 1 1 -99 1 1 1 1 1 1 -99 1 1 -99 1 1 1 1 1 1 -99 1 1 -99 1 1 1 1 1 1 -99 1 1 -99 1 1 1 1 1 1 -99 1 1 -99 1 1 1 1 1
27 3 0 -99 1 1 -99 0 -99 -99 -99 0 1 -99 0 1 -99 0 -99 -99 -99 -99 0 -99 1 0 -99 0 -99 -99 -99 -99 1 -99 0 0 -99 1 -99 -99 -99 -99 0 -99 0 0 -99 0 -99 -99 -99 0 1 -99 0 1 -99 0 -99 -99 -99 0 1 -99 1 0 -99 1 -99 -99 -99 0 0 -99 0 0 -99 1 -99 -99 -99 1 1 -99 1 1 -99 0 -99 -99 -99 0 1 -99 1 0 -99 0 -99 -99 -99 -99 1 -99 1 0 -99 0 -99 -99 -99 -99 0 -99 0 0 -99 0 -99 -99 -99 -99
27 4 1 -99 1 1 -99 1 0 1 -99 0 1 -99 0 1 -99 1 1 1 -99 1 1 -99 1 1 -99 1 1 1 -99 1 1 -99 1 1 -99 1 1 1 -99 0 1 -99 1 1 -99 1 0 1 -99 0 1 -99 1 1 -99 1 1 1 -99 1 1 -99 0 1 -99 1 1 1 -99 1 1 -99 1 1 -99 1 1 1 -99 1 1 -99 1 1 -99 1 1 1 -99 1 1 -99 1 1 -99 1 1 1 -99 1 0 -99 1 1 -99 1 1 1 -99 1 1 -99 1 1 -99 1 1 1 -99 1
28 1 -99 1 1 1 0 -99 1 1 1 1 -99 1 1 1 1 -99 1 1 1 1 -99 1 0 1 1 -99 1 1 1 1 -99 1 1 1 1 -99 1 1 1 1 -99 1 1 1 1 -99 1 1 1 1 -99 1 1 1 1 -99 1 1 1 1 -99 1 1 1 1 -99 1 1 1 1 -99 1 1 1 1 -99 1 1 1 1 -99 1 0 1 1 -99 0 1 1 1 -99 1 1 1 1 -99 1 1 1 1 -99 1 1 1 0 -99 1 1 1 0 -99 1 1 1 1 -99 1 1 1 1
28 2 0 0 0 0 1 -99 -99 1 1 1 0 1 0 1 -99 -99 -99 1 0 0 0 1 0 1 -99 -99 -99 1 1 1 1 1 0 1 -99 -99 -99 0 1 0 0 1 1 0 1 -99 -99 1 1 1 0 1 1 0 0 -99 -99 0 0 0 0 0 1 1 1 -99 -99 0 0 1 1 1 0 1 1 -99 -99 0 1 0 0 1 1 1 1 -99 -99 1 1 1 0 1 1 1 1 -99 -99 1 1 1 1 1 0 1 -99 -99 -99 0 1 0 0 1 0 1 -99 -99 -99 1 0 1
28 6 -99 0 -99 0 -99 0 0 0 1 1 -99 0 -99 0 -99 -99 0 0 0 -99 -99 0 -99 0 -99 -99 0 0 0 -99 -99 0 -99 0 -99 -99 0 0 0 -99 -99 0 -99 0 -99 0 0 0 0 0 -99 0 -99 0 -99 0 0 0 0 0 -99 0 -99 0 -99 0 0 0 0 0 -99 0 -99 0 -99 0 0 0 0 0 -99 0 -99 0 -99 0 0 0 0 0 -99 0 -99 0 -99 0 0 0 0 0 -99 0 -99 0 -99 -99 0 0 0 0 -99 0 -99 0 -99 -99 0 0 0 0
28 5 -99 1 1 0 -99 1 1 1 1 0 -99 1 1 0 -99 1 1 1 1 1 -99 1 1 1 -99 1 1 1 1 1 -99 1 0 1 -99 0 0 0 0 0 -99 1 1 0 -99 0 0 0 0 1 -99 1 1 1 -99 0 1 1 0 1 -99 1 0 1 -99 1 0 0 0 1 -99 1 1 1 -99 1 1 1 1 1 -99 1 1 1 -99 0 1 1 1 1 -99 1 1 1 -99 1 1 1 1 1 -99 1 1 1 -99 1 0 1 0 0 -99 1 1 1 -99 1 1 1 1 1
28 3 -99 1 -99 1 -99 -99 0 0 0 0 -99 0 -99 1 -99 -99 0 1 -99 0 -99 1 -99 1 -99 -99 0 0 -99 0 -99 1 -99 0 -99 -99 1 1 -99 1 -99 1 -99 0 -99 -99 1 1 1 1 -99 1 -99 0 -99 -99 1 1 1 1 -99 1 -99 1 -99 -99 0 0 0 0 -99 1 -99 0 -99 -99 0 1 1 1 -99 0 -99 0 -99 -99 1 1 1 1 -99 1 -99 0 -99 -99 0 0 0 1 -99 0 -99 1 -99 -99 0 0 -99 0 -99 1 -99 0 -99 -99 1 1 -99 1
28 4 1 1 1 1 1 -99 -99 0 1 0 0 1 1 1 1 -99 -99 1 1 1 1 1 1 1 1 -99 -99 1 1 1 0 1 1 1 1 -99 -99 1 1 1 0 1 1 1 1 -99 -99 1 1 1 1 1 0 1 1 -99 -99 1 1 1 0 1 1 1 1 -99 -99 1 1 1 1 1 1 1 1 -99 -99 1 1 1 0 1 1 1 1 -99 -99 1 1 1 1 1 0 0 1 -99 -99 1 1 1 1 1 1 1 1 -99 -99 1 1 1 0 1 0 1 1 -99 -99 1 1 1
29 1 -99 1 0 0 1 1 1 -99 1 1 -99 -99 1 1 1 1 -99 -99 -99 0 -99 -99 1 1 1 1 -99 -99 -99 1 -99 -99 1 0 0 0 -99 -99 -99 1 -99 1 1 0 0 0 0 -99 0 0 -99 1 0 1 1 1 1 -99 1 1 -99 1 0 0 0 0 0 -99 0 1 -99 1 0 0 0 0 0 -99 0 1 -99 1 1 1 1 1 1 -99 1 1 -99 1 1 0 0 0 0 -99 0 1 -99 1 1 1 1 1 1 -99 -99 1 -99 -99 0 0 0 0 0 -99 -99 1
29 2 -99 1 1 1 0 1 1 -99 1 0 -99 1 -99 -99 1 0 1 -99 0 1 -99 1 -99 -99 0 1 0 -99 1 0 -99 1 -99 -99 1 0 1 -99 0 1 -99 1 1 1 0 1 1 -99 1 1 -99 1 0 0 0 0 1 -99 1 1 -99 1 0 0 1 1 1 -99 1 1 -99 1 0 0 1 0 1 -99 0 1 -99 0 1 1 0 1 0 -99 1 1 -99 1 -99 1 0 1 0 -99 1 1 -99 1 -99 0 1 0 1 -99 0 1 -99 1 -99 -99 0 1 1 -99 1 1
29 6 -99 0 2 1 1 0 0 -99 0 0 -99 -99 -99 0 1 0 0 -99 0 0 -99 -99 -99 0 1 1 0 -99 0 0 -99 -99 -99 0 1 0 0 -99 0 0 -99 0 2 1 1 0 0 -99 0 0 -99 0 2 1 1 0 0 -99 0 0 -99 0 1 1 1 0 0 -99 0 0 -99 0 2 1 1 0 0 -99 0 0 -99 0 2 0 1 0 0 -99 0 0 -99 0 1 1 1 0 0 -99 0 0 -99 0 1 1 1 0 0 -99 0 1 -99 -99 -99 0 1 1 0 -99 0 0
29 5 -99 1 0 1 0 0 0 -99 0 1 -99 -99 0 0 0 0 0 -99 0 0 -99 -99 1 1 0 0 0 -99 1 1 -99 -99 0 0 1 1 1 -99 1 0 -99 0 1 0 0 1 0 -99 0 0 -99 1 1 1 1 1 1 -99 1 0 -99 0 1 0 1 1 1 -99 0 0 -99 0 1 1 1 1 1 -99 0 1 -99 1 1 1 0 0 1 -99 1 1 -99 0 0 1 0 0 0 -99 1 1 -99 1 1 1 1 1 1 -99 0 0 -99 -99 1 1 0 0 1 -99 1 1
29 3 -99 1 0 0 0 0 1 -99 1 0 -99 -99 0 0 1 0 1 -99 0 1 -99 -99 0 0 1 0 0 -99 0 1 -99 -99 1 1 0 1 0 -99 1 0 -99 0 1 1 0 0 0 -99 0 0 -99 1 1 1 0 0 1 -99 0 0 -99 0 0 0 1 1 1 -99 0 1 -99 1 1 1 0 0 0 -99 1 0 -99 1 1 0 0 0 0 -99 1 1 -99 0 0 0 0 1 1 -99 0 1 -99 0 0 0 1 1 1 -99 0 1 -99 -99 1 0 0 0 0 -99 1 0
29 4 -99 1 0 0 1 1 1 -99 0 1 -99 1 1 1 1 1 -99 -99 1 1 -99 0 0 1 1 1 -99 -99 0 1 -99 1 1 1 1 1 -99 -99 1 1 -99 1 1 1 0 1 1 -99 1 1 -99 1 0 1 1 1 1 -99 1 1 -99 1 1 1 0 1 1 -99 1 1 -99 1 0 0 1 1 1 -99 1 1 -99 1 1 1 0 1 1 -99 1 1 -99 1 0 0 1 1 1 -99 1 0 -99 1 0 1 1 1 1 -99 0 1 -99 1 1 1 1 1 1 -99 1 1
30 1 -99 1 1 1 0 0 -99 1 1 0 -99 1 1 1 1 1 -99 1 -99 1 -99 1 0 0 0 1 -99 1 -99 0 -99 0 1 1 0 1 -99 1 -99 0 -99 1 1 1 0 0 -99 1 1 0 -99 1 1 0 0 1 -99 1 0 1 -99 1 0 1 1 1 -99 0 0 1 -99 0 1 0 0 0 -99 1 1 0 -99 1 0 1 1 1 -99 1 0 0 -99 0 1 1 0 0 -99 1 -99 1 -99 1 0 1 0 0 -99 1 -99 1 -99 1 0 1 0 1 -99 0 -99 1
30 2 0 -99 -99 1 0 0 1 1 1 1 1 -99 -99 1 1 1 1 0 1 1 1 -99 -99 1 1 1 1 1 1 1 1 -99 -99 1 1 1 1 1 1 1 1 -99 -99 1 0 0 0 0 0 0 1 -99 -99 1 0 1 1 1 1 1 1 -99 -99 1 1 1 1 1 1 1 1 -99 -99 1 1 1 1 1 1 1 0 -99 -99 0 0 0 1 1 0 0 0 -99 -99 0 0 0 0 0 0 1 1 -99 -99 1 1 1 1 1 1 1 1 -99 -99 1 0 1 1 1 1 1
30 6 -99 -99 -99 0 -99 -99 -99 -99 0 -99 -99 -99 -99 0 -99 -99 -99 -99 0 -99 -99 -99 -99 0 -99 -99 -99 -99 1 -99 -99 -99 -99 0 -99 -99 -99 -99 0 -99 -99 -99 -99 1 -99 -99 -99 -99 1 -99 -99 -99 -99 0 -99 -99 -99 -99 0 -99 -99 -99 -99 0 -99 -99 -99 -99 0 -99 -99 -99 -99 1 -99 -99 -99 -99 1 -99 -99 -99 -99 0 -99 -99 -99 -99 0 -99 -99 -99 -99 0 -99 -99 -99 -99 0 -99 -99 -99 -99 0 -99 -99 -99 -99 1 -99 -99 -99 -99 0 -99 -99 -99 -99 0 -99
30 5 1 1 1 1 1 1 1 1 0 1 1 -99 1 1 1 1 1 1 1 1 0 -99 1 0 1 0 1 1 1 1 1 -99 1 1 1 1 1 1 1 1 1 1 1 0 1 0 1 1 1 1 1 1 1 0 1 1 1 1 1 1 1 1 1 0 1 1 1 1 0 1 1 1 1 0 1 1 1 1 0 1 1 1 1 0 1 1 0 1 1 0 0 1 1 0 1 1 1 1 1 1 1 1 1 1 1 1 1 1 1 1 0 -99 1 1 1 1 1 1 1 1
30 3 0 0 0 0 0 -99 0 -99 0 1 0 -99 0 0 1 -99 0 -99 -99 0 1 -99 0 0 0 -99 0 -99 -99 1 1 -99 0 0 0 -99 0 -99 -99 0 1 0 0 0 0 -99 0 -99 0 1 0 1 0 0 0 -99 0 -99 0 0 0 0 1 0 0 -99 0 -99 0 1 1 0 0 1 0 -99 0 -99 0 0 0 0 0 0 0 -99 0 -99 0 0 0 0 0 1 1 -99 0 -99 -99 0 0 1 1 0 0 -99 0 -99 -99 0 0 -99 0 0 0 -99 0 -99 -99 0
30 4 1 -99 0 1 -99 0 0 0 0 0 1 -99 1 0 -99 1 1 1 1 1 1 -99 1 1 -99 1 1 1 1 1 1 -99 1 1 -99 1 1 1 1 1 1 -99 1 1 -99 1 1 1 1 1 1 -99 1 1 -99 1 0 1 1 1 1 -99 1 1 -99 1 1 1 1 1 1 -99 1 1 -99 1 1 1 1 1 1 -99 1 1 -99 0 1 1 1 1 1 -99 1 0 -99 1 1 1 1 1 0 -99 1 1 -99 1 1 1 1 1 1 -99 1 0 -99 1 1 1 1 1
31 1 0 1 1 1 1 1 1 1 0 1 1 1 -99 1 1 1 1 1 1 1 1 1 -99 1 1 1 1 1 1 1 0 1 -99 0 0 1 1 1 1 1 1 1 1 1 1 1 1 1 1 1 1 1 1 0 0 0 1 1 1 1 1 1 1 1 1 1 1 1 0 1 1 1 1 1 1 1 1 1 1 1 1 1 1 1 0 0 1 1 1 0 0 1 1 1 1 1 1 1 1 1 1 1 1 1 1 1 1 1 1 1 1 0 -99 1 0 1 1 1 1 1
31 2 0 1 0 0 1 0 0 0 1 1 1 1 1 1 1 1 1 1 1 1 1 1 1 1 1 1 0 0 1 1 1 1 1 1 1 1 1 1 1 1 0 1 1 1 1 0 0 1 1 1 1 1 1 1 1 1 1 1 1 1 1 1 1 1 1 1 1 1 1 1 0 1 1 1 1 1 1 1 1 1 0 1 1 1 1 0 0 1 1 1 0 1 1 1 1 0 0 1 1 1 1 1 1 1 1 1 1 1 1 1 1 1 1 1 1 1 1 1 1 1
31 6 1 0 0 0 0 0 0 0 0 0 0 0 0 0 0 0 0 0 0 0 0 0 1 0 0 0 0 0 0 0 0 0 1 0 0 0 0 0 0 0 1 0 0 0 0 0 0 0 0 0 1 0 0 0 0 0 0 0 0 0 1 0 0 0 0 0 0 0 0 0 1 0 1 0 0 0 0 0 0 0 0 0 1 0 0 0 0 0 0 0 0 0 1 0 0 0 0 0 0 0 0 0 0 0 0 0 0 0 0 0 0 0 1 0 0 0 0 0 0 0
31 5 1 1 1 1 1 1 1 1 1 1 1 1 1 1 1 1 1 1 1 1 1 1 1 1 1 1 1 1 1 1 0 0 0 0 0 0 0 0 0 0 0 0 0 0 0 0 0 0 0 0 1 0 0 0 1 0 0 0 0 0 0 0 0 0 1 0 0 0 0 0 0 0 0 0 1 0 1 0 0 0 1 1 1 1 1 1 1 1 1 1 1 1 1 1 0 1 1 1 1 1 0 0 1 0 1 0 0 0 0 0 1 1 1 1 1 1 1 1 1 1
31 3 1 1 1 1 1 1 1 1 0 1 1 1 -99 1 1 1 1 1 1 1 1 1 -99 1 1 1 1 1 1 1 0 0 -99 0 0 0 0 0 0 0 1 0 0 0 0 0 0 0 1 0 1 0 1 0 0 0 0 0 1 0 0 1 0 1 1 0 1 1 1 1 1 0 0 0 0 0 0 0 0 0 0 0 0 0 0 0 0 0 0 0 0 1 1 1 1 1 1 1 1 1 0 1 -99 1 1 1 1 1 1 1 0 0 -99 0 0 0 0 0 0 0
31 4 0 1 1 1 1 1 1 1 1 1 0 1 1 1 1 1 1 1 1 1 1 0 1 1 1 1 1 1 1 1 0 1 1 1 1 0 1 1 1 1 0 1 0 1 1 1 1 0 1 1 0 1 1 1 1 1 1 1 1 1 0 1 0 1 1 1 1 1 1 1 0 1 1 1 1 1 1 1 1 1 0 1 1 1 1 1 1 1 1 1 1 1 0 0 1 1 1 1 1 1 1 1 1 1 1 1 1 1 1 1 0 1 0 1 1 1 1 1 1 1
32 1 1 1 1 -99 -99 1 1 1 1 1 1 1 0 -99 -99 1 1 0 1 1 1 1 1 -99 -99 1 1 1 1 1 0 1 1 -99 -99 1 0 1 1 1 0 1 0 -99 -99 0 0 1 0 0 1 1 0 -99 -99 1 1 1 1 1 0 1 1 -99 -99 0 0 0 0 0 0 0 0 -99 -99 1 0 1 1 1 0 1 0 -99 -99 0 1 1 1 0 0 1 1 -99 -99 0 0 1 1 0 0 1 0 -99 -99 1 1 1 1 1 1 1 0 -99 -99 1 1 1 1 1
32 2 1 1 1 1 -99 0 1 1 1 1 1 1 0 -99 -99 -99 0 1 1 1 1 1 1 -99 -99 -99 0 0 1 1 1 1 -99 -99 -99 -99 0 1 1 0 0 0 0 1 -99 1 0 0 1 0 1 1 0 0 -99 0 1 1 1 1 0 1 0 1 -99 0 0 0 0 0 0 1 1 1 -99 0 1 0 1 1 0 1 1 1 -99 0 1 0 1 1 1 1 0 0 -99 1 0 1 1 1 0 1 0 1 -99 1 1 1 1 1 1 1 0 -99 -99 -99 1 1 1 1
32 6 0 0 0 0 -99 0 0 -99 0 0 0 0 0 0 -99 -99 0 -99 0 -99 0 0 0 0 -99 -99 0 -99 0 -99 0 0 0 0 -99 -99 0 -99 0 -99 0 0 1 0 -99 0 0 -99 0 1 0 0 0 0 -99 0 0 -99 0 0 0 0 0 0 -99 0 0 -99 0 0 0 0 0 0 -99 0 0 -99 0 0 0 0 0 0 -99 0 0 -99 0 0 0 0 0 0 -99 -99 0 -99 0 -99 0 0 0 0 -99 -99 0 -99 0 -99 0 0 0 0 -99 -99 0 -99 0 -99
32 5 1 1 1 1 1 1 1 1 1 1 1 1 1 1 1 -99 1 1 1 1 1 0 1 1 1 -99 1 1 1 1 1 0 1 0 1 -99 1 1 1 1 1 1 1 1 1 1 1 1 1 1 1 1 1 1 1 1 1 1 1 1 1 1 1 0 1 1 1 1 1 1 1 1 1 1 1 1 1 1 1 1 1 1 1 1 1 1 1 1 1 0 1 1 1 1 1 -99 1 1 1 1 1 1 1 1 1 -99 1 1 1 1 1 1 1 1 1 -99 1 1 1 1
32 3 1 1 1 1 0 0 -99 -99 1 -99 1 1 1 0 -99 -99 -99 -99 1 -99 0 0 1 1 -99 -99 -99 -99 1 -99 0 1 1 0 -99 -99 -99 -99 1 -99 1 1 1 1 0 1 -99 -99 1 -99 1 0 0 1 0 1 -99 -99 0 -99 1 1 0 1 1 1 -99 -99 0 -99 1 0 0 1 1 1 -99 -99 1 -99 0 0 1 1 1 0 -99 -99 0 -99 1 1 1 1 1 -99 -99 -99 0 -99 1 0 0 1 0 -99 -99 -99 1 -99 0 0 1 1 1 -99 -99 -99 0 -99
32 4 0 1 0 -99 -99 1 1 1 1 1 1 1 1 -99 -99 -99 1 1 1 1 1 1 1 -99 -99 -99 1 1 1 1 1 1 1 -99 -99 -99 1 1 1 1 1 1 1 -99 -99 1 1 1 1 1 1 1 1 -99 -99 1 1 1 1 1 1 1 1 -99 -99 1 1 1 1 1 1 1 1 -99 -99 1 1 1 1 1 1 1 1 -99 -99 1 1 1 1 1 1 1 1 -99 -99 -99 1 1 1 1 1 1 1 -99 -99 -99 1 1 1 1 1 1 1 -99 -99 -99 1 1 1 1
33 1 1 1 1 1 -99 0 1 1 0 1 0 0 0 0 -99 1 1 0 1 0 1 1 0 1 -99 1 0 1 0 0 0 0 1 0 -99 0 0 1 0 1 0 0 1 0 -99 0 0 0 0 0 1 1 0 0 -99 0 1 0 1 1 0 0 1 1 -99 0 1 0 0 0 1 0 1 1 -99 0 0 0 1 0 1 0 1 1 -99 0 1 1 0 1 0 0 0 1 -99 0 0 1 0 0 1 1 1 1 -99 1 0 1 0 1 0 0 1 0 -99 0 0 0 0 0
33 2 1 0 0 0 -99 1 1 -99 1 0 1 1 1 1 -99 -99 1 -99 1 1 0 1 0 1 -99 -99 1 -99 1 1 0 1 0 0 -99 -99 1 -99 0 1 0 1 0 1 -99 0 1 -99 0 1 0 0 1 1 -99 1 1 -99 1 1 1 1 1 0 -99 1 1 -99 0 1 1 1 1 1 -99 1 1 -99 1 1 1 1 1 1 -99 1 1 -99 0 1 0 1 1 0 -99 1 1 -99 1 0 1 1 1 1 -99 1 1 -99 1 1 1 1 1 1 -99 -99 1 -99 0 1
33 6 1 0 0 0 -99 0 0 -99 0 0 0 0 0 0 -99 -99 0 -99 0 -99 0 0 0 0 -99 -99 0 -99 0 -99 0 0 0 0 -99 -99 0 -99 0 -99 0 0 0 0 -99 0 0 -99 0 0 0 0 0 0 -99 0 0 -99 0 0 0 0 0 0 -99 0 0 -99 0 0 0 1 0 0 -99 0 0 -99 0 0 0 0 0 0 -99 0 0 -99 0 0 0 0 0 0 -99 -99 0 -99 0 -99 0 0 0 0 -99 -99 0 -99 0 -99 0 0 0 0 -99 -99 0 -99 0 -99
33 5 1 1 1 1 1 1 1 1 1 1 1 1 1 1 1 1 1 1 1 1 1 1 1 1 1 1 1 1 1 1 1 1 0 1 1 1 1 1 1 1 1 1 1 1 1 1 1 1 1 1 1 0 1 1 1 1 1 1 1 1 0 1 1 1 1 1 1 1 1 1 1 1 1 1 0 1 1 1 0 1 1 1 1 1 1 1 1 1 1 1 1 1 1 1 1 1 1 1 1 1 0 1 1 1 1 1 1 1 1 1 1 1 1 1 1 1 1 1 1 1
33 3 1 0 1 -99 -99 -99 -99 -99 0 -99 0 1 1 -99 -99 -99 -99 -99 0 -99 1 0 0 -99 -99 -99 -99 -99 1 -99 0 0 0 -99 -99 -99 -99 -99 1 -99 0 0 0 -99 -99 -99 -99 -99 0 -99 0 1 1 -99 -99 -99 -99 -99 1 -99 1 1 1 -99 -99 -99 -99 -99 1 -99 0 0 0 -99 -99 -99 -99 -99 0 -99 0 1 1 -99 -99 -99 -99 -99 1 -99 1 0 1 -99 -99 -99 -99 -99 1 -99 1 1 0 -99 -99 -99 -99 -99 1 -99 0 1 0 -99 -99 -99 -99 -99 1 -99
33 4 1 1 0 1 -99 1 1 0 1 1 1 1 1 -99 -99 -99 1 1 1 1 1 1 1 -99 -99 -99 1 1 1 1 0 1 1 -99 -99 -99 1 1 1 1 1 1 0 1 -99 1 1 1 1 1 1 1 1 1 -99 1 1 1 1 1 1 1 1 1 -99 1 1 1 1 1 0 1 1 1 -99 1 1 1 1 1 1 1 0 1 -99 1 1 1 1 1 1 1 1 -99 -99 -99 1 1 1 1 1 1 1 -99 -99 -99 1 1 1 1 1 1 1 -99 -99 -99 1 1 1 1
34 1 1 1 1 1 -99 1 1 1 0 1 0 -99 -99 1 -99 -99 1 -99 -99 1 1 -99 -99 0 -99 -99 1 -99 -99 1 1 -99 -99 1 -99 -99 0 -99 -99 0 0 1 0 0 -99 1 0 0 0 1 0 0 1 1 -99 0 0 1 0 0 1 0 1 0 -99 1 0 0 1 0 0 1 1 1 -99 0 1 0 0 1 1 0 0 1 -99 0 1 0 0 1 0 0 0 1 -99 1 1 -99 -99 0 0 0 -99 1 -99 1 0 -99 -99 1 0 1 -99 0 -99 -99 0 -99 -99 1
34 2 0 1 -99 1 -99 1 1 0 1 1 1 1 -99 -99 -99 -99 1 1 0 -99 1 0 -99 -99 -99 -99 1 1 1 -99 1 1 -99 -99 -99 -99 0 1 1 -99 1 1 -99 1 -99 0 1 0 1 1 1 1 -99 1 -99 0 1 1 1 0 1 1 -99 0 -99 0 1 1 1 1 1 1 -99 0 -99 1 1 1 1 0 1 1 -99 1 -99 1 1 1 0 1 1 1 -99 1 -99 0 1 1 0 1 1 1 -99 0 -99 1 0 1 1 0 1 1 -99 -99 -99 -99 0 0 1 -99
34 6 1 0 0 0 -99 0 0 0 0 0 0 0 0 0 -99 -99 -99 0 -99 0 0 0 0 0 -99 -99 -99 0 -99 0 0 0 0 0 -99 -99 -99 0 -99 0 0 0 0 0 -99 0 0 0 0 0 0 0 0 0 -99 0 0 0 0 0 0 0 0 0 -99 0 0 0 0 0 0 0 0 0 -99 0 0 0 0 0 0 0 0 0 -99 0 0 0 0 0 0 0 0 0 -99 0 0 0 0 0 0 0 0 0 -99 -99 -99 0 0 0 0 0 0 0 -99 -99 -99 0 0 0
34 5 1 1 1 1 0 1 1 1 1 1 1 1 1 1 1 1 1 -99 -99 -99 1 1 0 1 1 1 1 -99 -99 -99 0 0 0 0 0 1 1 -99 -99 -99 1 1 0 1 1 1 1 1 1 1 1 1 1 1 1 1 1 1 1 1 0 1 0 1 0 1 0 0 1 0 1 1 0 1 1 1 1 1 1 1 0 1 1 1 1 1 1 1 1 0 1 1 1 1 1 1 1 -99 1 -99 1 1 1 1 1 1 1 -99 -99 -99 1 1 1 1 1 1 1 -99 -99 -99
34 3 1 -99 -99 -99 1 -99 -99 0 -99 -99 0 -99 -99 -99 -99 -99 -99 -99 -99 -99 0 -99 -99 -99 -99 -99 -99 -99 -99 -99 1 -99 -99 -99 -99 -99 -99 -99 -99 -99 1 -99 -99 -99 1 -99 -99 0 -99 -99 1 -99 -99 -99 1 -99 -99 1 -99 -99 0 -99 -99 -99 0 -99 -99 0 -99 -99 1 -99 -99 -99 1 -99 -99 1 -99 -99 1 -99 -99 -99 1 -99 -99 0 -99 -99 0 -99 -99 -99 -99 -99 -99 -99 -99 -99 0 -99 -99 -99 -99 -99 -99 -99 -99 -99 1 -99 -99 -99 -99 -99 -99 -99 -99 -99
34 4 1 1 1 0 -99 1 0 1 1 0 1 1 -99 1 -99 1 1 1 1 1 1 1 -99 1 -99 1 1 1 1 1 1 0 -99 1 -99 1 1 1 1 1 1 1 1 1 -99 1 1 1 1 1 0 1 0 0 -99 1 1 1 1 0 0 1 0 1 -99 1 1 1 1 1 1 1 0 1 -99 1 1 1 1 1 1 1 0 1 -99 1 1 1 1 1 1 1 -99 1 -99 1 1 1 1 1 1 1 -99 1 -99 1 1 1 1 1 1 1 -99 1 -99 1 1 1 1 0
35 1 1 1 0 1 0 1 0 1 1 1 0 0 1 1 1 1 1 1 1 1 -99 1 0 0 1 0 0 1 1 1 -99 0 0 0 0 0 1 1 0 0 1 0 1 0 1 1 1 0 1 0 0 1 0 0 0 0 0 0 1 1 1 0 1 0 0 1 1 0 0 1 1 0 1 1 0 1 0 1 1 1 1 1 1 1 0 0 1 1 1 1 0 1 1 1 1 0 1 1 1 0 0 1 0 1 1 0 1 1 1 0 0 0 1 1 1 1 1 1 0 1
35 2 -99 1 1 1 -99 -99 1 1 1 1 -99 1 -99 0 -99 -99 1 1 0 1 -99 0 -99 1 -99 -99 1 1 1 1 -99 1 -99 1 -99 -99 1 1 1 1 -99 0 0 0 -99 -99 0 1 0 1 -99 1 1 1 -99 -99 1 1 1 1 -99 0 1 1 -99 -99 0 1 1 0 -99 1 1 1 -99 -99 1 1 1 1 -99 1 1 1 -99 -99 1 1 1 1 -99 0 0 0 -99 -99 1 0 0 1 -99 1 1 1 -99 -99 1 1 1 1 -99 1 1 0 -99 -99 1 1 1 1
35 6 1 0 1 0 0 -99 0 0 0 0 0 0 -99 0 0 -99 0 -99 0 0 0 0 -99 0 0 -99 0 -99 0 0 1 0 -99 0 0 -99 0 -99 0 0 1 0 0 0 0 -99 0 0 0 0 1 0 0 0 0 -99 0 0 0 0 1 0 1 0 1 -99 0 0 0 0 0 0 0 0 0 -99 0 0 0 0 1 1 0 0 0 -99 0 0 0 0 0 1 0 0 0 -99 0 0 0 0 0 0 0 0 0 -99 0 1 0 0 0 0 0 0 0 -99 0 0 0 0
35 5 1 -99 1 1 1 1 1 1 1 1 1 -99 1 1 1 1 1 1 -99 -99 1 -99 1 1 1 1 1 1 -99 -99 0 -99 1 1 1 1 1 -99 -99 -99 0 -99 1 0 0 0 0 1 1 1 1 -99 1 1 0 1 1 1 1 1 1 -99 0 1 1 1 1 1 1 1 1 -99 1 1 1 1 1 1 1 1 1 -99 1 1 1 1 1 1 0 1 1 -99 1 1 1 1 1 1 1 1 1 -99 1 1 1 1 1 1 -99 1 1 -99 1 1 1 1 1 1 -99 -99
35 3 0 0 1 1 0 -99 1 -99 -99 0 1 1 1 1 0 -99 0 -99 -99 1 0 0 0 1 0 -99 0 -99 -99 1 1 0 0 0 1 -99 0 -99 -99 1 1 1 1 1 1 -99 1 -99 -99 0 1 1 0 1 1 -99 1 -99 -99 0 1 1 1 1 0 -99 1 -99 -99 0 0 1 1 1 1 -99 0 -99 -99 0 1 0 1 1 1 -99 1 -99 -99 0 1 1 1 1 1 -99 1 -99 -99 1 1 1 1 1 0 -99 1 -99 -99 1 1 1 1 1 0 -99 1 -99 -99 1
35 4 0 1 -99 1 -99 -99 1 0 1 0 -99 1 -99 1 -99 -99 1 1 1 1 -99 1 -99 1 -99 -99 1 1 1 1 -99 1 -99 1 -99 -99 1 1 1 1 0 1 -99 0 -99 -99 1 1 0 1 0 1 -99 1 -99 -99 0 1 1 1 0 1 -99 1 -99 -99 0 1 1 1 0 1 -99 0 -99 -99 1 1 1 1 0 1 -99 1 -99 -99 1 1 0 1 0 1 -99 1 -99 -99 1 1 1 1 0 1 -99 1 -99 -99 1 1 1 1 0 1 -99 0 -99 -99 1 1 0 1
36 1 0 -99 1 -99 -99 -99 -99 -99 -99 -99 0 -99 1 -99 -99 -99 -99 -99 -99 -99 1 -99 0 -99 -99 -99 -99 -99 -99 -99 1 -99 1 -99 -99 -99 -99 -99 -99 -99 1 -99 0 -99 -99 -99 -99 -99 -99 -99 0 -99 1 -99 -99 -99 -99 -99 -99 -99 1 -99 1 -99 -99 -99 -99 -99 -99 -99 1 -99 1 -99 -99 -99 -99 -99 -99 -99 0 -99 1 -99 -99 -99 -99 -99 -99 -99 1 -99 1 -99 -99 -99 -99 -99 -99 -99 1 -99 0 -99 -99 -99 -99 -99 -99 -99 0 -99 1 -99 -99 -99 -99 -99 -99 -99
36 2 0 -99 1 -99 -99 -99 -99 -99 -99 -99 1 -99 0 -99 -99 -99 -99 -99 -99 -99 1 -99 1 -99 -99 -99 -99 -99 -99 -99 1 -99 0 -99 -99 -99 -99 -99 -99 -99 1 -99 1 -99 -99 -99 -99 -99 -99 -99 1 -99 1 -99 -99 -99 -99 -99 -99 -99 0 -99 1 -99 -99 -99 -99 -99 -99 -99 0 -99 0 -99 -99 -99 -99 -99 -99 -99 0 -99 1 -99 -99 -99 -99 -99 -99 -99 1 -99 0 -99 -99 -99 -99 -99 -99 -99 1 -99 0 -99 -99 -99 -99 -99 -99 -99 1 -99 0 -99 -99 -99 -99 -99 -99 -99
36 6 -99 -99 1 -99 -99 -99 -99 -99 -99 -99 -99 -99 0 -99 -99 -99 -99 -99 -99 -99 -99 -99 1 -99 -99 -99 -99 -99 -99 -99 -99 -99 0 -99 -99 -99 -99 -99 -99 -99 -99 -99 0 -99 -99 -99 -99 -99 -99 -99 -99 -99 0 -99 -99 -99 -99 -99 -99 -99 -99 -99 0 -99 -99 -99 -99 -99 -99 -99 -99 -99 0 -99 -99 -99 -99 -99 -99 -99 -99 -99 0 -99 -99 -99 -99 -99 -99 -99 -99 -99 0 -99 -99 -99 -99 -99 -99 -99 -99 -99 0 -99 -99 -99 -99 -99 -99 -99 -99 -99 0 -99 -99 -99 -99 -99 -99 -99
36 5 1 -99 0 -99 -99 -99 -99 -99 -99 -99 0 -99 1 -99 -99 -99 -99 -99 -99 -99 1 -99 1 -99 -99 -99 -99 -99 -99 -99 1 -99 1 -99 -99 -99 -99 -99 -99 -99 0 -99 1 -99 -99 -99 -99 -99 -99 -99 1 -99 1 -99 -99 -99 -99 -99 -99 -99 0 -99 1 -99 -99 -99 -99 -99 -99 -99 1 -99 1 -99 -99 -99 -99 -99 -99 -99 1 -99 1 -99 -99 -99 -99 -99 -99 -99 1 -99 1 -99 -99 -99 -99 -99 -99 -99 1 -99 1 -99 -99 -99 -99 -99 -99 -99 1 -99 1 -99 -99 -99 -99 -99 -99 -99
36 3 0 -99 1 -99 -99 -99 -99 -99 -99 -99 0 -99 0 -99 -99 -99 -99 -99 -99 -99 1 -99 0 -99 -99 -99 -99 -99 -99 -99 1 -99 0 -99 -99 -99 -99 -99 -99 -99 1 -99 1 -99 -99 -99 -99 -99 -99 -99 0 -99 1 -99 -99 -99 -99 -99 -99 -99 1 -99 0 -99 -99 -99 -99 -99 -99 -99 1 -99 1 -99 -99 -99 -99 -99 -99 -99 1 -99 0 -99 -99 -99 -99 -99 -99 -99 0 -99 1 -99 -99 -99 -99 -99 -99 -99 0 -99 1 -99 -99 -99 -99 -99 -99 -99 0 -99 1 -99 -99 -99 -99 -99 -99 -99
36 4 1 -99 1 -99 -99 -99 -99 -99 -99 -99 0 -99 1 -99 -99 -99 -99 -99 -99 -99 1 -99 1 -99 -99 -99 -99 -99 -99 -99 1 -99 1 -99 -99 -99 -99 -99 -99 -99 0 -99 1 -99 -99 -99 -99 -99 -99 -99 1 -99 1 -99 -99 -99 -99 -99 -99 -99 0 -99 1 -99 -99 -99 -99 -99 -99 -99 1 -99 1 -99 -99 -99 -99 -99 -99 -99 0 -99 1 -99 -99 -99 -99 -99 -99 -99 1 -99 1 -99 -99 -99 -99 -99 -99 -99 1 -99 1 -99 -99 -99 -99 -99 -99 -99 1 -99 1 -99 -99 -99 -99 -99 -99 -99
37 1 1 1 0 0 1 1 1 1 1 1 0 1 1 0 0 0 0 1 -99 1 1 1 0 0 1 1 1 1 -99 0 1 1 1 0 0 0 0 0 -99 0 0 1 0 0 0 0 0 0 1 1 0 1 0 0 1 1 0 1 1 1 0 1 0 0 0 1 0 0 0 1 1 1 0 0 1 1 1 0 1 0 0 1 0 0 1 0 1 1 1 1 1 1 0 0 1 1 1 1 -99 0 0 1 0 1 1 1 1 1 -99 1 1 1 0 1 0 1 0 0 -99 0
37 2 0 1 1 1 -99 0 0 1 1 1 0 -99 1 1 -99 1 1 1 0 1 1 -99 0 1 -99 1 1 1 1 -99 1 -99 1 1 -99 1 1 1 0 -99 0 0 0 0 -99 0 0 0 0 1 0 1 0 1 -99 1 1 1 0 1 1 1 1 0 -99 0 1 0 1 0 1 1 1 1 -99 1 0 1 1 1 1 1 1 0 -99 0 0 0 1 1 0 0 0 1 -99 1 0 0 0 0 1 -99 1 1 -99 1 0 1 1 1 1 -99 1 1 -99 1 1 0 1 1
37 6 0 0 0 0 0 0 0 0 0 1 0 0 0 0 0 0 0 0 0 0 0 0 0 0 0 0 0 0 0 0 0 0 0 0 0 0 0 0 0 0 0 0 0 0 0 0 0 0 0 0 0 0 0 1 0 0 0 0 0 0 0 0 0 0 0 0 0 0 0 0 0 0 0 0 0 0 0 0 0 0 0 0 0 0 0 0 0 0 0 0 0 0 0 0 0 0 0 0 0 0 0 0 0 0 0 0 0 0 0 0 0 0 0 0 0 0 0 0 0 0
37 5 1 1 1 1 1 1 1 1 0 1 1 1 1 1 1 1 1 1 1 1 1 1 1 1 1 1 1 1 1 1 1 1 1 0 1 1 0 1 1 1 1 1 1 1 1 1 0 1 1 1 1 1 1 1 1 1 1 1 1 1 1 1 1 0 1 1 1 1 1 1 1 1 1 1 1 1 1 1 1 1 1 1 1 1 1 1 1 1 1 0 1 1 1 1 1 1 1 1 1 1 1 1 1 1 1 1 1 1 1 1 1 1 1 1 1 1 0 1 1 1
37 3 0 1 0 1 0 1 1 1 1 1 0 1 1 0 -99 0 1 1 0 0 0 1 1 1 -99 1 0 1 1 1 0 0 1 1 -99 0 0 0 0 0 0 0 0 1 0 1 0 0 1 1 1 0 0 0 1 0 1 0 0 0 1 0 1 1 0 1 0 0 0 1 1 1 1 1 0 1 0 0 0 0 1 0 0 0 1 0 0 0 0 0 1 1 1 0 -99 1 0 1 1 1 0 0 0 1 -99 0 0 0 1 1 0 0 0 0 -99 0 0 0 0 1
37 4 1 1 1 1 -99 1 1 1 1 1 1 1 1 1 -99 1 1 1 1 1 1 1 1 1 -99 1 1 1 1 1 1 0 1 1 -99 1 1 1 1 1 1 1 1 1 -99 1 0 1 1 0 1 1 1 1 -99 1 1 1 1 1 1 1 1 1 -99 0 1 1 1 1 1 1 1 1 -99 1 0 1 1 1 1 0 0 1 -99 0 1 1 1 1 1 1 1 1 -99 1 1 1 1 1 1 1 1 1 -99 1 1 1 1 1 1 1 1 1 -99 0 1 1 1 1
38 1 -99 1 -99 0 -99 -99 -99 0 1 1 -99 -99 -99 1 -99 -99 -99 1 -99 0 -99 -99 -99 1 -99 -99 -99 1 -99 1 -99 -99 -99 1 -99 -99 -99 1 -99 1 -99 1 -99 0 -99 -99 -99 1 1 1 -99 1 -99 0 -99 -99 -99 1 1 1 -99 1 -99 1 -99 -99 -99 1 1 1 -99 1 -99 1 -99 -99 -99 1 1 1 -99 1 -99 0 -99 -99 -99 1 1 1 -99 -99 -99 1 -99 -99 -99 0 -99 1 -99 -99 -99 1 -99 -99 -99 1 -99 1 -99 -99 -99 0 -99 -99 -99 1 -99 1
38 2 1 -99 -99 0 -99 1 1 1 0 1 -99 -99 -99 -99 -99 -99 -99 -99 -99 1 -99 -99 -99 -99 -99 -99 -99 -99 -99 1 -99 -99 -99 -99 -99 -99 -99 -99 -99 1 1 -99 -99 1 -99 1 1 1 1 1 0 -99 -99 1 -99 1 0 0 1 1 1 -99 -99 1 -99 0 0 1 1 1 1 -99 -99 0 -99 0 1 1 1 0 1 -99 -99 1 -99 1 1 1 1 1 1 -99 -99 -99 -99 -99 -99 -99 -99 1 -99 -99 -99 -99 -99 -99 -99 -99 -99 0 -99 -99 -99 -99 -99 -99 -99 -99 -99 1
38 6 -99 0 -99 0 -99 1 -99 0 0 0 -99 0 -99 -99 -99 -99 -99 0 1 0 -99 0 -99 -99 -99 -99 -99 1 0 0 -99 0 -99 -99 -99 -99 -99 0 0 0 -99 0 -99 0 -99 0 -99 0 0 0 -99 0 -99 1 -99 0 -99 0 0 0 -99 0 -99 1 -99 1 -99 0 1 0 -99 0 -99 1 -99 1 -99 0 0 0 -99 0 -99 1 -99 1 -99 0 0 0 -99 0 -99 -99 -99 -99 -99 0 0 0 -99 0 -99 -99 -99 -99 -99 0 0 0 -99 0 -99 -99 -99 -99 -99 1 0 0
38 5 0 1 -99 1 1 -99 1 1 1 1 1 0 -99 -99 -99 -99 -99 -99 1 1 0 1 -99 -99 -99 -99 -99 -99 1 1 0 1 -99 -99 -99 -99 -99 -99 1 0 0 0 -99 0 0 -99 0 0 1 0 1 1 -99 0 0 -99 0 0 1 0 1 0 -99 0 0 -99 0 0 0 1 1 1 -99 1 0 -99 1 1 1 1 0 1 -99 1 1 -99 1 1 1 1 1 1 -99 -99 -99 -99 -99 1 0 1 1 1 -99 -99 -99 -99 -99 1 1 0 1 1 -99 -99 -99 -99 -99 -99 1 1
38 3 -99 0 -99 1 0 -99 0 -99 1 0 -99 -99 -99 -99 -99 -99 -99 -99 -99 0 -99 -99 -99 -99 -99 -99 -99 -99 -99 1 -99 -99 -99 -99 -99 -99 -99 -99 -99 1 -99 0 -99 0 1 -99 1 -99 1 1 -99 0 -99 0 1 -99 1 -99 0 1 -99 0 -99 0 0 -99 0 -99 0 0 -99 0 -99 0 1 -99 1 -99 0 0 -99 0 -99 1 0 -99 1 -99 0 1 -99 1 -99 -99 -99 -99 -99 -99 -99 0 -99 1 -99 -99 -99 -99 -99 -99 -99 1 -99 1 -99 -99 -99 -99 -99 -99 -99 1
38 4 -99 1 -99 1 -99 -99 1 1 1 1 -99 -99 -99 1 -99 -99 -99 -99 1 1 -99 -99 -99 1 -99 -99 -99 -99 1 1 -99 -99 -99 1 -99 -99 -99 -99 1 1 0 1 -99 1 -99 -99 1 1 1 1 0 1 -99 1 -99 -99 1 1 1 1 0 1 -99 1 -99 -99 1 1 1 1 0 1 -99 1 -99 -99 0 1 1 1 0 1 -99 1 -99 -99 1 1 1 1 1 -99 -99 1 -99 -99 -99 -99 1 0 -99 -99 -99 1 -99 -99 -99 -99 1 1 -99 -99 -99 1 -99 -99 -99 -99 1 1
39 1 -99 -99 0 -99 -99 -99 -99 -99 -99 1 -99 -99 1 -99 -99 -99 -99 -99 -99 1 -99 -99 0 -99 -99 -99 -99 -99 -99 1 -99 -99 1 -99 -99 -99 -99 -99 -99 0 -99 -99 1 -99 -99 -99 -99 -99 -99 0 -99 -99 0 -99 -99 -99 -99 -99 -99 1 -99 -99 1 -99 -99 -99 -99 -99 -99 0 -99 -99 0 -99 -99 -99 -99 -99 -99 0 -99 -99 0 -99 -99 -99 -99 -99 -99 1 -99 -99 1 -99 -99 -99 -99 -99 -99 0 -99 -99 1 -99 -99 -99 -99 -99 -99 1 -99 -99 1 -99 -99 -99 -99 -99 -99 0
39 2 1 -99 1 1 1 -99 -99 -99 1 -99 0 -99 1 1 1 -99 -99 -99 1 -99 0 -99 1 1 1 -99 -99 -99 1 -99 0 -99 1 1 1 -99 -99 -99 1 -99 1 -99 1 1 0 -99 -99 -99 1 -99 0 -99 1 0 1 -99 -99 -99 1 -99 0 -99 1 1 1 -99 -99 -99 1 -99 0 -99 1 1 1 -99 -99 -99 1 -99 1 -99 1 0 0 -99 -99 -99 1 -99 1 -99 1 1 1 -99 -99 -99 0 -99 0 -99 0 1 1 -99 -99 -99 0 -99 0 -99 1 1 1 -99 -99 -99 1 -99
39 6 1 0 0 2 0 -99 -99 0 -99 1 0 -99 0 0 -99 -99 -99 -99 -99 -99 0 -99 0 0 -99 -99 -99 -99 -99 -99 0 -99 0 1 -99 -99 -99 -99 -99 -99 1 0 0 0 0 -99 -99 1 -99 0 1 0 0 0 0 -99 -99 0 -99 0 1 0 0 0 1 -99 -99 0 -99 0 0 0 0 0 0 -99 -99 0 -99 0 1 1 0 0 0 -99 -99 0 -99 0 0 0 0 0 0 -99 -99 -99 -99 -99 0 -99 0 0 0 -99 -99 -99 -99 -99 0 -99 0 0 -99 -99 -99 -99 -99 -99
39 5 -99 1 0 1 -99 -99 -99 -99 1 -99 -99 1 1 1 -99 -99 -99 -99 1 -99 -99 1 1 1 -99 -99 -99 -99 1 -99 -99 0 0 1 -99 -99 -99 -99 0 -99 -99 1 0 0 -99 -99 -99 -99 0 -99 -99 1 1 0 -99 -99 -99 -99 0 -99 -99 0 0 0 -99 -99 -99 -99 0 -99 -99 1 0 0 -99 -99 -99 -99 1 -99 -99 1 1 1 -99 -99 -99 -99 1 -99 -99 1 1 1 -99 -99 -99 -99 1 -99 -99 1 0 1 -99 -99 -99 -99 1 -99 -99 1 1 1 -99 -99 -99 -99 1 -99
39 3 1 0 0 0 -99 -99 -99 -99 0 -99 1 0 -99 0 -99 -99 -99 -99 1 -99 0 0 -99 0 -99 -99 -99 -99 0 -99 1 0 -99 1 -99 -99 -99 -99 0 -99 1 1 1 1 -99 -99 -99 -99 1 -99 1 1 1 1 -99 -99 -99 -99 0 -99 1 1 0 0 -99 -99 -99 -99 1 -99 0 1 1 1 -99 -99 -99 -99 1 -99 1 0 1 1 -99 -99 -99 -99 1 -99 0 0 0 0 -99 -99 -99 -99 1 -99 0 1 0 0 -99 -99 -99 -99 0 -99 1 0 -99 1 -99 -99 -99 -99 0 -99
39 4 0 -99 0 0 1 -99 -99 -99 1 -99 1 -99 1 1 1 -99 -99 -99 1 -99 1 -99 0 1 1 -99 -99 -99 1 -99 1 -99 1 1 1 -99 -99 -99 1 -99 0 -99 1 1 1 -99 -99 -99 1 -99 0 -99 1 1 1 -99 -99 -99 1 -99 1 -99 1 1 1 -99 -99 -99 1 -99 0 -99 1 1 1 -99 -99 -99 1 -99 1 -99 1 1 1 -99 -99 -99 1 -99 0 -99 0 1 0 -99 -99 -99 0 -99 0 -99 1 1 1 -99 -99 -99 1 -99 1 -99 1 0 1 -99 -99 -99 1 -99
40 1 1 -99 1 -99 -99 -99 -99 1 0 1 0 -99 1 -99 -99 -99 -99 0 1 1 1 -99 1 -99 -99 -99 -99 0 1 1 1 -99 1 -99 -99 -99 -99 1 1 1 0 -99 1 -99 -99 -99 -99 1 1 1 1 -99 1 -99 -99 -99 -99 0 0 1 1 -99 1 -99 -99 -99 -99 1 1 1 0 -99 1 -99 -99 -99 -99 1 1 1 1 -99 1 -99 -99 -99 -99 0 1 1 1 -99 1 -99 -99 -99 -99 1 1 0 1 -99 1 -99 -99 -99 -99 0 1 1 1 -99 1 -99 -99 -99 -99 1 1 1
40 2 1 -99 1 1 -99 -99 1 1 1 1 0 -99 1 1 -99 -99 1 1 0 1 1 -99 0 1 -99 -99 1 1 1 1 0 -99 1 1 -99 -99 1 0 1 1 1 -99 1 1 -99 -99 1 1 1 1 0 -99 1 1 -99 -99 0 0 1 1 1 -99 1 1 -99 -99 1 0 1 1 1 -99 1 1 -99 -99 1 1 1 1 1 -99 1 1 -99 -99 1 1 1 1 1 -99 1 1 -99 -99 1 1 1 0 0 -99 1 1 -99 -99 1 1 1 1 0 -99 0 0 -99 -99 0 1 1 1
40 6 1 -99 2 -99 -99 -99 -99 1 2 2 -99 -99 1 -99 -99 -99 -99 2 1 0 -99 -99 2 -99 -99 -99 -99 1 0 1 -99 -99 2 -99 -99 -99 -99 1 0 1 1 -99 2 -99 -99 -99 -99 0 1 0 2 -99 1 -99 -99 -99 -99 1 1 1 1 -99 1 -99 -99 -99 -99 1 0 1 0 -99 1 -99 -99 -99 -99 1 1 1 1 -99 1 -99 -99 -99 -99 2 2 0 -99 -99 1 -99 -99 -99 -99 2 0 0 -99 -99 2 -99 -99 -99 -99 2 0 0 -99 -99 2 -99 -99 -99 -99 2 0 0
40 5 -99 1 1 -99 -99 -99 -99 1 -99 1 -99 -99 1 -99 -99 -99 -99 1 -99 1 -99 -99 0 -99 -99 -99 -99 1 -99 1 -99 -99 0 -99 -99 -99 -99 0 -99 0 -99 0 0 -99 -99 -99 -99 1 -99 0 -99 0 0 -99 -99 -99 -99 0 -99 0 -99 0 0 -99 -99 -99 -99 0 -99 0 -99 0 0 -99 -99 -99 -99 1 -99 1 -99 1 1 -99 -99 -99 -99 1 -99 1 -99 1 0 -99 -99 -99 -99 1 -99 1 -99 -99 1 -99 -99 -99 -99 0 -99 0 -99 -99 0 -99 -99 -99 -99 1 -99 1
40 3 -99 0 0 -99 -99 -99 0 -99 -99 0 -99 1 0 -99 -99 -99 -99 -99 -99 0 -99 1 1 -99 -99 -99 -99 -99 -99 0 -99 1 1 -99 -99 -99 -99 -99 -99 0 -99 0 1 -99 -99 -99 1 -99 -99 1 -99 1 1 -99 -99 -99 1 -99 -99 0 -99 0 0 -99 -99 -99 0 -99 -99 0 -99 1 0 -99 -99 -99 1 -99 -99 1 -99 0 0 -99 -99 -99 1 -99 -99 1 -99 0 1 -99 -99 -99 0 -99 -99 0 -99 0 0 -99 -99 -99 -99 -99 -99 1 -99 0 0 -99 -99 -99 -99 -99 -99 0
40 4 1 -99 -99 1 -99 -99 1 1 1 0 1 -99 -99 0 -99 -99 1 1 1 1 1 -99 -99 1 -99 -99 1 0 1 1 0 -99 -99 1 -99 -99 1 1 1 1 0 -99 -99 0 -99 -99 1 1 1 1 1 -99 -99 1 -99 -99 1 1 0 0 1 -99 -99 0 -99 -99 0 1 0 1 1 -99 -99 1 -99 -99 1 0 1 0 0 -99 -99 0 -99 -99 0 1 1 1 0 -99 -99 1 -99 -99 1 1 1 1 1 -99 -99 1 -99 -99 1 1 0 1 1 -99 -99 0 -99 -99 1 1 1 1
41 1 -99 0 -99 0 0 1 1 0 0 1 -99 0 -99 0 0 1 0 0 0 1 -99 0 -99 0 1 1 0 0 1 0 -99 0 -99 1 1 1 1 1 1 0 -99 0 -99 1 1 1 1 1 1 1 -99 0 -99 0 0 0 0 1 0 1 -99 1 -99 1 1 1 0 1 1 1 -99 1 -99 1 1 1 1 1 0 0 -99 0 -99 0 0 0 1 0 1 1 -99 1 -99 1 1 0 1 1 1 1 -99 0 -99 0 1 1 0 0 0 0 -99 1 -99 1 1 0 0 1 1 0
41 2 -99 1 -99 -99 1 1 1 1 1 1 -99 1 -99 -99 -99 0 1 1 1 1 -99 0 -99 -99 -99 0 0 1 1 1 -99 1 -99 -99 -99 0 1 1 1 1 -99 1 -99 -99 1 1 1 0 1 1 -99 1 -99 -99 0 0 1 1 1 1 -99 1 -99 -99 1 0 1 0 1 1 -99 1 -99 -99 0 0 1 1 1 0 -99 0 -99 -99 1 1 0 1 1 1 -99 1 -99 -99 -99 0 1 1 1 1 -99 1 -99 -99 -99 0 1 0 1 0 -99 1 -99 -99 -99 0 1 1 1 1
41 6 -99 0 -99 1 1 1 0 0 0 0 -99 0 -99 0 0 0 0 0 0 0 -99 0 -99 0 0 0 0 0 0 0 -99 0 -99 0 0 0 0 0 0 0 -99 0 -99 0 0 0 0 0 0 0 -99 0 -99 0 0 0 0 0 0 0 -99 0 -99 1 0 0 1 0 0 0 -99 0 -99 0 0 0 0 0 0 0 -99 0 -99 0 0 0 0 0 0 0 -99 0 -99 1 0 0 0 0 0 0 -99 0 -99 0 0 0 0 0 0 0 -99 0 -99 0 0 0 0 0 0 0
41 5 0 1 1 1 1 0 0 1 0 1 0 -99 1 1 1 0 0 0 0 1 1 -99 0 1 0 1 1 1 1 1 0 -99 0 1 0 0 0 0 0 0 0 0 0 1 0 0 0 0 0 0 1 0 0 0 0 0 1 0 1 0 1 0 0 0 1 0 1 0 0 0 1 0 0 0 0 1 1 1 1 1 1 1 1 1 1 1 1 1 1 1 0 -99 1 1 1 0 0 1 1 1 1 -99 1 1 0 0 1 1 1 1 1 -99 1 1 1 1 1 1 1 1
41 3 0 0 0 0 0 0 1 0 -99 1 0 -99 0 0 1 0 1 0 -99 0 0 -99 0 0 1 0 1 0 -99 0 0 -99 1 1 1 1 0 1 -99 0 0 0 1 1 1 0 0 0 -99 0 0 0 0 1 0 0 1 0 -99 0 0 0 0 0 0 0 0 1 -99 1 1 0 1 1 0 1 1 1 -99 1 0 0 0 1 1 1 1 1 -99 0 1 1 0 0 0 0 1 0 -99 1 0 0 0 0 1 0 1 0 -99 1 0 -99 1 1 1 1 0 1 -99 0
41 4 -99 1 -99 -99 0 1 0 0 1 1 -99 1 -99 -99 1 1 -99 1 1 1 -99 1 -99 -99 0 1 -99 1 1 1 -99 1 -99 -99 1 1 -99 1 1 1 -99 1 -99 -99 1 0 1 0 1 0 -99 1 -99 -99 0 0 0 1 1 1 -99 1 -99 -99 0 0 1 1 1 1 -99 1 -99 -99 1 1 0 1 1 1 -99 1 -99 -99 1 1 1 1 1 1 -99 1 -99 -99 0 1 1 1 1 1 -99 0 -99 -99 0 1 -99 1 1 1 -99 1 -99 -99 1 1 -99 1 1 1
42 1 1 1 1 1 1 1 0 1 1 -99 0 1 0 1 1 1 1 1 0 -99 0 1 1 0 1 1 1 1 1 -99 0 0 0 1 1 1 1 0 1 -99 0 0 0 1 0 0 0 0 0 -99 0 1 1 0 0 1 1 1 1 -99 1 1 1 0 0 0 1 0 1 -99 1 1 1 1 1 1 1 1 0 -99 1 1 1 1 0 0 1 1 1 -99 0 0 0 1 0 0 1 1 1 -99 1 1 0 1 1 1 1 0 1 -99 1 0 1 1 1 1 0 0 0 -99
42 2 0 0 -99 -99 -99 0 0 0 1 0 1 1 -99 -99 -99 0 1 0 1 1 1 1 -99 -99 -99 0 1 1 1 1 0 0 -99 -99 -99 0 1 0 1 1 0 1 -99 -99 -99 0 1 0 0 0 1 1 -99 -99 -99 1 0 1 1 1 1 1 -99 -99 -99 0 0 1 1 0 1 1 -99 -99 -99 1 1 1 1 1 1 1 -99 -99 -99 1 1 1 1 0 0 1 -99 -99 -99 0 0 0 1 1 0 1 -99 -99 -99 0 1 1 1 1 1 1 -99 -99 -99 1 0 1 1 1
42 6 0 0 0 0 0 0 0 0 0 0 0 -99 0 0 0 0 0 0 0 -99 0 -99 0 0 0 0 0 0 0 -99 0 -99 0 0 0 0 0 0 0 -99 0 0 0 0 0 0 0 0 0 0 0 0 0 0 0 0 0 0 0 0 0 0 0 0 0 0 0 0 0 0 0 0 0 0 0 0 0 0 0 0 0 0 0 0 0 0 0 0 0 0 0 0 0 0 0 0 0 0 0 0 0 0 0 0 0 0 0 0 0 0 0 -99 0 0 0 0 0 0 0 0
42 5 1 1 0 0 1 1 0 1 1 1 1 1 1 1 1 1 1 0 1 1 1 1 1 1 1 1 1 1 1 1 1 1 1 1 1 1 1 1 1 1 1 1 1 1 1 1 1 1 1 1 1 1 1 1 1 1 1 1 1 1 1 1 1 1 0 1 0 1 1 0 1 1 1 1 1 1 1 1 1 1 1 1 1 1 1 1 0 1 1 1 1 1 1 1 1 1 0 1 1 1 1 1 1 1 1 1 0 1 1 1 0 1 1 1 1 1 1 1 1 1
42 3 1 1 1 1 1 1 1 1 1 1 1 1 0 0 1 1 1 1 1 0 1 1 1 1 1 1 0 1 1 0 0 0 1 0 1 1 1 1 1 1 0 1 0 0 1 1 1 1 0 0 1 0 1 0 0 0 0 0 1 0 1 0 1 1 1 1 0 1 1 1 1 0 0 1 0 0 1 0 0 1 0 0 0 1 1 0 0 0 0 0 1 1 1 1 0 1 1 1 1 1 1 1 1 1 1 1 1 0 1 1 1 0 1 1 1 0 1 0 0 0
42 4 0 1 -99 -99 1 1 1 1 1 1 1 1 -99 -99 1 0 1 1 1 1 1 1 -99 -99 1 1 1 1 1 1 1 1 -99 -99 1 1 1 1 1 1 0 1 -99 -99 1 1 1 1 1 1 1 1 -99 -99 1 1 1 1 1 1 0 1 -99 -99 1 1 1 1 1 1 1 1 -99 -99 1 1 1 1 1 1 0 1 -99 -99 1 1 1 1 1 1 1 1 -99 -99 1 1 1 1 1 1 1 1 -99 -99 1 1 1 1 1 1 1 1 -99 -99 1 1 1 1 1 1
43 1 0 1 0 1 -99 0 0 1 -99 1 0 1 -99 0 -99 0 1 1 -99 1 0 1 -99 0 -99 0 1 1 -99 1 1 1 -99 1 -99 1 1 1 -99 1 1 1 1 1 -99 1 1 1 -99 1 1 1 0 0 -99 0 1 1 -99 1 1 1 1 1 -99 1 1 1 -99 1 1 1 1 1 -99 1 1 1 -99 1 1 1 0 0 -99 0 1 1 -99 1 0 1 -99 1 -99 1 1 1 -99 1 1 1 -99 0 -99 0 1 1 -99 1 0 1 -99 1 -99 1 1 1 -99 1
43 2 0 1 1 1 -99 1 0 0 1 -99 0 1 -99 0 -99 1 1 -99 1 -99 1 1 -99 0 -99 0 1 -99 1 -99 0 1 -99 1 -99 1 1 -99 1 -99 1 1 0 1 -99 1 0 0 0 -99 1 1 1 1 -99 0 1 1 1 -99 1 1 0 1 -99 0 1 1 1 -99 0 1 0 1 -99 1 1 1 1 -99 0 1 1 0 -99 0 0 1 1 -99 1 1 -99 0 -99 0 0 1 0 -99 0 1 -99 1 -99 1 1 1 1 -99 1 1 -99 1 -99 0 0 -99 1 -99
43 6 1 0 1 1 -99 0 1 1 0 0 1 0 -99 1 -99 0 1 0 1 0 1 0 -99 1 -99 0 0 0 0 0 1 0 -99 1 -99 0 0 0 1 0 2 0 1 1 -99 1 0 1 0 0 2 0 1 1 -99 1 0 0 0 0 1 0 2 1 -99 0 0 0 1 0 1 0 1 1 -99 0 1 1 0 0 1 0 1 2 -99 0 0 1 0 0 1 0 -99 1 -99 1 0 0 0 0 1 0 -99 0 -99 0 1 0 0 0 1 1 -99 2 -99 0 0 0 0 0
43 5 0 0 0 1 -99 1 0 1 -99 -99 0 0 1 0 -99 0 0 0 -99 -99 0 0 0 0 -99 1 0 0 -99 -99 1 0 0 1 -99 1 1 1 -99 -99 1 1 1 1 -99 1 1 0 -99 -99 1 1 1 1 -99 0 1 1 -99 -99 0 1 1 1 -99 1 1 1 -99 -99 1 1 1 1 -99 1 1 1 -99 -99 0 0 1 1 -99 0 0 0 -99 -99 0 0 0 0 -99 0 0 0 -99 -99 1 1 1 1 -99 0 1 1 -99 -99 0 0 0 1 -99 0 0 0 -99 -99
43 3 1 0 0 0 -99 0 -99 -99 -99 0 0 0 0 0 -99 0 -99 -99 -99 -99 0 0 0 0 -99 0 -99 -99 -99 -99 0 1 1 1 -99 1 -99 -99 -99 -99 0 0 0 1 -99 1 -99 -99 -99 0 0 1 1 0 -99 1 -99 -99 -99 0 1 0 0 0 -99 0 -99 -99 -99 0 0 1 1 1 -99 1 -99 -99 -99 0 0 1 1 1 -99 1 -99 -99 -99 0 0 0 0 0 -99 0 -99 -99 -99 -99 0 0 0 0 -99 0 -99 -99 -99 -99 0 1 1 1 -99 1 -99 -99 -99 -99
43 4 1 1 -99 1 -99 1 1 1 0 -99 0 1 -99 0 -99 1 1 1 1 -99 1 0 -99 1 -99 1 1 1 1 -99 0 1 -99 0 -99 1 1 1 1 -99 1 1 -99 0 -99 0 0 1 1 -99 1 1 -99 1 -99 1 1 0 1 -99 0 1 -99 0 -99 0 0 1 1 -99 1 1 -99 1 -99 1 1 1 1 -99 1 0 -99 0 -99 0 0 1 1 -99 1 1 -99 1 -99 1 1 1 1 -99 1 1 -99 1 -99 1 1 1 1 -99 0 1 -99 0 -99 1 1 1 1 -99
44 1 1 1 1 1 -99 1 0 1 1 1 0 1 0 1 -99 1 0 1 0 1 1 1 1 1 -99 1 1 0 1 1 0 1 1 1 -99 1 1 1 1 1 0 1 1 1 -99 0 1 1 1 1 0 1 1 1 -99 1 1 1 1 1 0 1 1 1 -99 1 1 1 1 1 0 1 1 0 -99 1 0 1 1 1 1 1 1 0 -99 1 1 0 1 1 1 1 1 1 -99 1 1 1 1 1 0 1 0 1 -99 1 1 1 1 1 1 1 1 1 -99 1 1 1 1 1
44 2 0 1 0 1 -99 1 1 1 1 1 0 1 1 0 -99 1 1 1 0 1 0 0 0 1 -99 0 1 0 1 0 1 0 0 1 -99 0 1 1 1 0 1 1 1 0 -99 0 0 1 0 0 0 1 0 0 -99 1 1 1 1 1 0 0 0 0 -99 0 0 0 0 0 0 1 0 0 -99 0 1 1 0 1 0 1 1 0 -99 1 0 1 0 1 0 0 0 0 -99 0 1 0 1 0 0 1 0 1 -99 0 0 1 1 1 0 1 0 0 -99 1 0 1 0 1
44 6 1 0 1 0 -99 0 0 0 0 0 0 0 0 0 -99 0 0 0 0 0 0 0 0 0 -99 0 0 0 0 0 0 0 0 0 -99 0 0 0 0 0 0 0 0 0 -99 0 0 0 0 0 1 0 0 0 -99 0 0 0 0 0 1 0 0 0 -99 0 0 0 0 0 0 0 0 0 -99 0 0 0 0 0 1 0 0 0 -99 0 0 0 0 0 0 0 0 0 -99 0 0 0 0 0 0 0 0 0 -99 0 0 0 0 0 0 0 0 0 -99 0 0 0 0 0
44 5 1 -99 1 1 -99 1 1 1 -99 1 1 -99 1 1 -99 1 0 1 -99 1 1 -99 1 1 -99 1 1 1 -99 1 1 -99 1 1 -99 1 1 1 -99 1 0 -99 1 1 -99 1 1 1 -99 1 1 -99 1 1 -99 1 1 1 -99 1 1 -99 1 1 -99 0 1 1 -99 1 1 -99 1 1 -99 1 0 1 -99 1 1 -99 1 1 -99 1 1 1 -99 1 1 -99 1 1 -99 1 1 1 -99 1 1 -99 1 1 -99 1 1 1 -99 1 1 -99 1 1 -99 1 1 1 -99 1
44 3 0 0 1 1 -99 1 -99 -99 -99 0 0 0 1 1 -99 1 -99 -99 -99 0 1 1 0 0 -99 0 -99 -99 -99 1 0 0 0 1 -99 0 -99 -99 -99 0 0 0 1 1 -99 1 -99 -99 -99 0 1 0 0 0 -99 0 -99 -99 -99 0 1 0 0 0 -99 1 -99 -99 -99 0 0 1 0 0 -99 0 -99 -99 -99 0 1 0 0 0 -99 1 -99 -99 -99 0 1 0 0 1 -99 0 -99 -99 -99 0 1 1 1 0 -99 1 -99 -99 -99 0 0 0 1 1 -99 1 -99 -99 -99 0
44 4 0 1 0 1 -99 1 0 1 1 1 0 1 1 1 -99 1 1 1 1 1 0 1 0 1 -99 1 1 1 1 1 0 1 0 1 -99 1 1 1 1 1 0 1 0 1 -99 1 1 1 1 1 0 1 1 1 -99 1 1 1 1 1 0 1 0 1 -99 1 1 1 1 1 0 0 1 1 -99 1 1 1 1 1 0 1 0 1 -99 1 1 1 1 1 1 1 1 1 -99 1 1 1 1 1 1 1 1 1 -99 1 1 1 1 1 0 1 1 1 -99 1 1 1 1 1
45 1 0 1 -99 0 -99 0 -99 0 0 1 0 1 -99 0 -99 0 -99 1 1 1 0 0 -99 0 -99 0 -99 0 1 1 1 1 -99 1 -99 1 -99 1 1 1 1 0 -99 1 -99 0 -99 1 1 0 1 0 -99 1 -99 0 -99 1 1 0 0 1 -99 1 -99 1 -99 1 1 1 1 0 -99 0 -99 0 -99 1 1 0 1 1 -99 0 -99 1 -99 1 0 1 1 1 -99 1 -99 1 -99 1 1 0 0 1 -99 0 -99 0 -99 0 1 1 1 1 -99 0 -99 1 -99 1 1 1
45 2 0 0 1 1 -99 0 1 1 1 0 0 0 0 0 -99 0 1 1 -99 1 0 0 0 1 -99 0 1 1 -99 0 0 0 1 0 -99 0 0 1 -99 0 0 0 0 0 -99 0 0 0 0 1 0 0 0 1 -99 0 0 0 0 0 0 0 1 0 -99 0 1 0 1 1 0 0 1 0 -99 0 1 0 1 0 0 0 0 0 -99 0 0 1 1 0 1 1 1 0 -99 0 0 0 -99 0 0 0 1 0 -99 1 0 0 -99 0 0 0 1 0 -99 1 0 0 -99 0
45 6 0 0 0 0 -99 0 -99 0 0 0 0 0 0 0 -99 0 -99 0 0 0 0 0 0 0 -99 0 -99 0 0 0 0 0 0 0 -99 0 -99 0 0 0 0 0 0 0 -99 0 -99 0 0 0 0 0 0 0 -99 0 -99 0 0 0 0 0 0 0 -99 0 -99 0 0 0 0 0 0 0 -99 0 -99 0 0 0 0 0 0 0 -99 0 -99 0 0 0 0 0 0 0 -99 0 -99 0 0 0 0 0 0 0 -99 0 -99 0 0 0 0 0 0 0 -99 0 -99 0 0 0
45 5 1 1 1 1 -99 1 1 1 -99 1 1 1 1 1 -99 1 1 1 -99 1 1 1 1 1 -99 1 1 1 -99 1 1 1 1 1 -99 0 1 1 -99 1 1 1 1 1 -99 1 0 1 -99 0 0 1 1 1 -99 1 1 1 -99 1 1 1 1 1 -99 1 1 1 -99 0 1 1 0 1 -99 1 0 1 -99 1 1 1 1 1 -99 1 1 1 -99 1 1 1 1 1 -99 1 1 1 -99 1 1 1 1 1 -99 1 1 1 -99 1 1 1 1 1 -99 1 1 1 -99 1
45 3 0 1 0 0 -99 0 1 -99 -99 0 0 1 0 1 -99 0 0 -99 -99 1 0 0 1 0 -99 0 0 -99 -99 0 1 0 1 1 -99 0 0 -99 -99 0 1 0 1 0 -99 0 1 -99 -99 0 0 1 0 1 -99 1 0 -99 -99 1 0 1 1 1 -99 1 0 -99 -99 1 1 0 1 0 -99 0 1 -99 -99 1 1 0 1 0 -99 1 0 -99 -99 0 0 0 0 0 -99 1 0 -99 -99 0 0 1 0 0 -99 0 0 -99 -99 1 1 0 0 1 -99 1 0 -99 -99 1
45 4 0 1 0 0 -99 1 0 1 1 0 0 1 1 1 -99 1 1 1 -99 1 0 1 1 1 -99 1 1 1 -99 1 0 1 0 0 -99 1 1 1 -99 1 0 1 0 1 -99 0 1 1 1 0 0 1 1 1 -99 1 1 1 1 0 0 1 0 0 -99 0 1 1 1 0 0 1 1 1 -99 0 1 1 1 1 0 1 0 1 -99 1 1 0 0 1 0 1 0 1 -99 1 1 1 -99 1 0 1 1 0 -99 1 1 1 -99 1 0 1 0 1 -99 1 1 1 -99 0
46 1 -99 1 -99 -99 1 -99 1 1 1 1 -99 -99 -99 -99 -99 -99 1 1 1 1 -99 -99 -99 -99 -99 -99 1 1 1 1 -99 -99 -99 -99 -99 -99 0 0 0 0 -99 0 -99 -99 0 -99 0 0 0 0 -99 1 -99 -99 1 -99 1 1 1 1 -99 0 -99 -99 0 -99 0 0 0 0 -99 0 -99 -99 0 -99 0 0 0 0 -99 1 -99 -99 1 -99 1 1 1 1 -99 0 -99 -99 0 -99 0 0 0 0 -99 0 -99 -99 -99 -99 1 1 1 1 -99 -99 -99 -99 -99 -99 0 0 0 0
46 2 -99 1 1 1 1 0 1 1 0 0 -99 0 -99 0 0 1 1 1 0 0 -99 0 -99 0 0 1 0 0 -99 1 -99 1 -99 0 0 1 1 0 -99 1 -99 1 1 1 1 0 1 1 0 0 -99 1 0 0 0 1 0 0 0 0 -99 1 0 0 0 0 0 0 1 0 -99 0 0 0 0 1 1 0 1 1 -99 0 0 1 1 0 1 1 1 0 -99 1 1 1 1 0 1 0 0 1 -99 0 0 1 0 1 0 1 1 0 -99 1 -99 0 0 1 1 1 0 1
46 6 -99 1 1 2 1 1 0 2 0 0 -99 -99 -99 -99 1 1 1 1 0 1 -99 -99 -99 -99 1 1 1 0 0 0 -99 -99 -99 -99 2 1 1 0 0 1 -99 0 2 1 1 1 0 1 0 0 -99 0 1 1 2 1 1 1 0 0 -99 0 1 1 1 1 0 1 0 1 -99 0 2 1 1 1 2 0 1 0 -99 0 2 1 1 1 0 0 0 1 -99 0 -99 -99 1 1 1 0 0 1 -99 0 -99 -99 1 1 1 1 0 0 -99 -99 -99 -99 1 1 1 0 0 0
46 5 -99 0 1 1 1 1 1 1 1 0 -99 -99 1 1 1 1 1 1 1 0 -99 -99 1 1 1 1 1 1 1 0 -99 -99 0 0 0 0 0 0 0 0 -99 0 0 0 0 0 0 0 0 0 -99 0 1 0 0 0 0 0 0 0 -99 0 0 0 0 0 0 0 0 0 -99 1 0 0 1 1 0 0 0 1 -99 0 1 1 1 1 1 1 1 0 -99 1 1 1 1 1 1 1 1 1 -99 1 0 0 0 1 0 0 0 1 -99 -99 1 1 1 1 1 1 0 1
46 3 -99 1 0 0 0 0 0 0 0 0 -99 -99 -99 0 0 0 0 0 1 1 -99 -99 -99 0 0 0 0 0 1 1 -99 -99 -99 1 1 1 0 1 0 0 -99 0 1 1 1 1 1 1 0 0 -99 0 1 1 1 0 1 1 1 0 -99 1 0 0 0 0 0 0 0 1 -99 0 1 1 1 1 1 1 0 0 -99 0 1 1 1 1 1 1 0 0 -99 1 0 0 0 0 0 0 0 1 -99 0 0 0 0 0 0 0 1 1 -99 -99 -99 1 0 1 1 1 0 0
46 4 -99 1 0 0 0 1 -99 1 -99 1 -99 1 1 -99 1 1 -99 -99 -99 0 -99 0 0 -99 0 1 -99 -99 -99 1 -99 1 1 -99 1 0 -99 -99 -99 0 -99 0 0 1 1 0 -99 0 -99 0 -99 0 0 0 0 1 -99 0 -99 1 -99 0 1 1 1 1 -99 1 -99 0 -99 1 0 0 0 1 -99 0 -99 1 -99 1 1 1 1 1 -99 1 -99 1 -99 0 0 0 0 1 -99 -99 -99 1 -99 1 0 -99 0 0 -99 -99 -99 0 -99 1 1 -99 1 1 -99 -99 -99 0
47 1 0 1 0 0 -99 1 1 0 1 -99 0 1 0 0 -99 1 0 1 1 -99 0 1 1 0 -99 1 0 1 1 -99 0 1 1 1 -99 0 0 0 1 -99 1 1 1 1 -99 1 0 0 1 -99 1 1 0 0 -99 1 0 1 1 -99 1 1 1 1 -99 1 0 0 1 -99 1 0 1 1 -99 1 0 0 1 -99 0 1 0 0 -99 0 1 0 1 -99 0 1 1 1 -99 1 1 1 1 -99 0 1 0 1 -99 0 1 0 1 -99 0 1 1 1 -99 1 1 1 0 -99
47 2 1 1 1 1 1 1 1 1 1 -99 1 1 1 1 1 1 1 1 1 -99 1 1 1 0 1 1 1 1 1 -99 1 1 1 0 0 1 1 1 1 -99 1 0 1 1 1 1 1 1 1 -99 1 1 1 1 1 1 1 0 1 -99 1 0 1 1 1 1 1 1 1 -99 1 1 1 1 1 1 1 1 1 -99 0 1 1 1 0 1 1 1 1 -99 1 1 1 1 1 1 1 1 1 -99 1 1 1 1 1 1 1 1 1 -99 1 1 1 1 1 1 1 1 1 -99
47 6 1 0 0 0 -99 1 0 0 0 -99 0 0 0 0 -99 0 0 0 0 -99 0 0 0 0 -99 0 0 0 0 -99 0 0 0 0 -99 0 0 0 0 -99 0 0 0 0 -99 0 0 0 0 -99 0 0 0 0 -99 0 0 0 0 -99 0 0 0 0 -99 0 0 0 0 -99 0 0 0 0 -99 0 0 0 0 -99 0 0 0 0 -99 0 0 0 0 -99 0 0 0 0 -99 0 0 0 0 -99 0 0 0 0 -99 0 0 0 0 -99 0 0 0 0 -99 0 0 0 0 -99
47 5 0 1 1 1 1 1 1 1 1 1 1 1 1 0 1 1 1 1 1 1 1 1 1 1 0 0 1 1 1 1 0 1 1 1 1 1 1 1 0 1 0 1 0 0 1 0 1 1 0 1 1 1 1 1 1 1 1 1 1 1 1 1 1 1 1 1 1 1 1 1 1 1 1 1 1 1 1 1 1 1 1 1 1 0 0 1 0 1 1 0 1 1 1 1 1 1 1 1 1 1 1 1 1 1 1 1 1 1 1 1 1 1 1 0 1 1 1 1 1 1
47 3 0 1 0 0 0 0 1 1 0 0 1 1 0 1 1 1 0 0 0 0 0 1 1 0 1 1 0 0 0 0 0 1 1 1 0 0 1 0 0 1 0 1 0 0 1 0 0 0 0 1 0 0 1 0 1 0 0 0 1 0 0 1 0 1 0 1 0 1 0 1 0 1 0 1 0 0 0 1 0 1 0 0 0 1 1 0 0 1 1 1 0 0 1 0 1 1 1 0 0 0 0 1 0 0 1 1 0 1 1 1 1 1 0 1 0 1 1 1 1 0
47 4 1 1 0 0 1 1 1 0 1 -99 1 1 1 1 1 1 1 1 1 -99 1 1 1 1 1 0 1 1 1 -99 1 1 1 1 1 1 1 1 1 -99 0 0 1 1 1 1 0 1 1 -99 1 1 0 1 1 1 1 1 1 -99 1 1 0 1 1 1 0 1 1 -99 0 1 1 1 1 1 1 1 1 -99 1 0 1 1 1 1 1 0 1 -99 1 1 1 1 0 1 1 1 1 -99 0 1 1 1 1 1 1 1 1 -99 1 1 1 1 0 1 1 1 1 -99
